-10.4622
-10.4865
-10.4622
-10.6715
-10.4713
-10.5319
-10.4617
-10.4622
-10.4984
-10.4893
-10.4777
-10.4905
-10.5229
-10.4579
-10.4866
-10.4601
-10.4984
-10.4622
-10.5267
-10.4587
-10.4654
-10.4696
-10.5319
-10.462
-10.4622
-10.4734
-10.4556
-10.497
-10.4701
-10.5408
-10.5462
-10.4601
-10.4701
-10.4942
-10.4326
-10.4601
-10.4617
-10.5608
-10.4984
-10.4536
-10.4579
-10.4984
-10.5201
-10.4617
-10.5237
-10.5659
-10.4893
-10.5074
-10.4326
-10.4554
-10.4405
-10.4783
-10.6079
-10.4687
-10.5267
-10.4984
-10.4601
-10.4396
-10.4701
-10.4244
-10.4865
-10.4617
-10.4617
-10.4617
-10.5247
-10.4984
-10.4617
-10.5112
-10.4197
-10.4865
-10.482
-10.4713
-10.4396
-10.4893
-10.5527
-10.4523
-10.5319
-10.4865
-10.4654
-10.4987
-10.4713
-10.4393
-10.4865
-10.4617
-10.5112
-10.4617
-10.4865
-10.4617
-10.4893
-10.4734
-10.5142
-10.4758
-10.4579
-10.5237
-10.4622
-10.4617
-10.5944
-10.5347
-10.4783
-10.4617

