-10.4622
-10.5237
-10.4622
-10.4865
-10.4992
-10.4984
-10.4601
-10.4701
-10.4617
-10.5243
-10.4734
-10.9408
-10.4605
-10.4865
-10.4154
-10.4328
-10.4984
-10.4687
-10.4601
-10.4656
-10.4865
-10.5112
-10.4953
-10.4865
-10.4984
-10.4865
-10.4734
-10.4468
-10.6183
-10.4953
-10.4905
-10.4601
-10.4701
-10.4984
-10.5403
-10.4984
-10.4865
-10.497
-10.4865
-10.4701
-10.4687
-10.4326
-10.3773
-10.4617
-10.5733
-10.4687
-10.4893
-10.6042
-10.4942
-10.4984
-10.574
-10.5479
-10.4984
-10.4984
-10.5021
-10.5024
-10.6515
-10.5282
-10.4393
-10.4326
-10.4984
-10.5201
-10.4865
-10.4617
-10.4617
-10.5479
-10.468
-10.5127
-10.4905
-10.4485
-10.4873
-10.4622
-10.4617
-10.4687
-10.4865
-10.6153
-10.4617
-10.7083
-10.4873
-10.5991
-10.4687
-10.5112
-10.4984
-10.5274
-10.4656
-10.4984
-10.4984
-10.6995
-10.5021
-10.4734
-10.5205
-10.4893
-10.5403
-10.4328
-10.4617
-10.4328
-10.5944
-10.5237
-10.4984
-10.4905

