-10.5229
-10.462
-10.4875
-10.4893
-10.5527
-10.4151
-10.468
-10.5612
-10.4214
-10.4984
-10.4865
-10.468
-10.4607
-10.4893
-10.4503
-10.4873
-10.4601
-10.4984
-10.502
-10.4617
-10.5237
-10.5373
-10.4984
-10.484
-10.5235
-10.444
-10.4713
-10.4734
-10.4244
-10.4622
-10.4734
-10.4587
-10.4873
-10.4601
-10.4939
-10.4893
-10.468
-10.4617
-10.5024
-10.5485
-10.5267
-10.4984
-10.4475
-10.4622
-10.4717
-10.4617
-10.6086
-10.4617
-10.5024
-10.2143
-10.4717
-10.737
-10.4893
-10.502
-10.4964
-10.4701
-10.4964
-10.4953
-10.5022
-10.6346
-10.4687
-10.4701
-10.4873
-10.4617
-10.5229
-10.4865
-10.5039
-10.4462
-10.4675
-10.4577
-10.4326
-10.4328
-10.4734
-10.4393
-10.5319
-10.5462
-10.4865
-10.4622
-10.4921
-10.4865
-10.4783
-10.4984
-10.4865
-10.4701
-10.4984
-10.4591
-10.4709
-10.4905
-10.4873
-10.4783
-10.4687
-10.4393
-10.4984
-10.4513
-10.4865
-10.5818
-10.4601
-10.4396
-10.4687
-10.4687

