-10.4984
-10.4865
-10.4984
-10.4326
-10.6715
-10.4617
-10.4601
-10.6128
-10.5229
-10.4713
-10.4865
-10.4992
-10.5229
-10.4865
-10.4734
-10.4214
-10.4893
-10.4893
-10.5237
-10.4701
-10.5909
-10.5039
-10.4783
-10.49
-10.4696
-10.5237
-10.4875
-10.4233
-10.4562
-10.4579
-10.4622
-10.5322
-10.4687
-10.4984
-10.562
-10.559
-10.4617
-10.4617
-10.5348
-10.4509
-10.4617
-10.4873
-10.4984
-10.6079
-10.4905
-10.3036
-10.4617
-10.4984
-10.4701
-10.4984
-10.4865
-10.4622
-10.4964
-10.4326
-10.5102
-10.4587
-10.4901
-10.466
-10.5798
-10.5484
-10.4734
-10.4701
-10.4865
-10.4783
-10.4701
-10.4905
-11.2017
-10.4617
-10.4454
-10.4865
-10.4307
-10.4617
-10.5177
-10.4656
-10.559
-10.4328
-10.4622
-10.4984
-10.502
-10.4734
-10.4984
-10.5612
-10.4734
-10.4865
-10.462
-10.4875
-10.559
-10.4984
-10.4622
-10.5159
-10.5229
-10.5229
-10.468
-10.5593
-10.4622
-10.4984
-10.4905
-10.548
-10.4709
-10.4617

