-10.4865
-10.4984
-10.4687
-10.559
-10.4873
-10.4622
-10.4622
-10.4905
-10.4695
-10.5142
-10.5234
-10.5102
-10.4893
-10.5237
-10.4214
-10.4278
-10.497
-10.4687
-10.4865
-10.4617
-10.5142
-10.4254
-10.454
-10.4733
-10.4984
-10.5933
-10.4865
-10.4687
-10.4384
-10.4617
-10.4622
-10.4617
-10.3773
-10.6295
-10.4601
-10.4197
-10.5267
-10.5384
-10.4905
-10.4733
-11.0762
-10.4865
-10.4984
-10.5201
-10.5991
-10.6395
-10.6395
-10.5024
-10.5234
-10.5229
-10.4622
-10.4617
-10.4622
-10.502
-10.4396
-10.4622
-10.4984
-10.4523
-10.5234
-10.4617
-10.4326
-10.4733
-10.4701
-10.4893
-10.4734
-10.553
-10.3121
-10.4865
-10.4814
-10.4984
-10.4905
-10.4984
-10.4393
-10.486
-10.4905
-10.4475
-10.5567
-10.5039
-10.4717
-10.4579
-10.3913
-10.4328
-10.4701
-10.4984
-10.4622
-10.4917
-10.5112
-10.4865
-10.4984
-10.5767
-10.3931
-10.5818
-10.4734
-10.4865
-10.5229
-10.4893
-10.635
-10.4727
-10.4733
-10.4893

