-10.4328
-10.4352
-10.4654
-10.5466
-10.4905
-10.4617
-10.4799
-10.4687
-10.5205
-10.4617
-10.4717
-10.4893
-10.5021
-10.4984
-10.559
-10.4905
-10.4873
-10.4579
-10.5472
-10.4562
-10.5319
-10.4617
-10.5267
-10.4326
-10.5901
-10.4865
-10.4865
-10.4405
-10.4974
-10.4021
-10.5237
-10.497
-10.4783
-10.497
-10.5996
-10.4984
-10.404
-10.4865
-10.5237
-10.4687
-10.497
-10.4984
-10.4733
-10.4617
-10.4984
-10.4953
-10.4905
-10.502
-10.4396
-10.5039
-10.5142
-10.6079
-10.3782
-10.5397
-10.4734
-10.5039
-10.4396
-10.4076
-10.4734
-10.5229
-10.5169
-10.4328
-10.4717
-10.4865
-10.2489
-10.4598
-10.5912
-10.4866
-10.4865
-10.4984
-10.468
-10.4617
-10.4734
-10.4601
-10.5683
-10.4893
-10.4622
-10.7833
-10.4865
-10.3931
-10.4905
-10.4597
-10.5024
-10.4687
-10.4326
-10.4964
-10.5527
-10.5615
-10.4617
-10.4873
-10.6515
-10.4701
-10.6515
-10.4361
-10.4865
-10.497
-10.4713
-10.5039
-10.4701
-10.4598

