-10.4893
-10.4538
-11.6228
-10.4984
-10.6339
-10.462
-10.4984
-10.4601
-10.4687
-10.36
-10.4622
-10.4328
-10.5319
-10.4617
-10.4622
-10.462
-10.5201
-10.4617
-10.5234
-10.4984
-10.4984
-10.4717
-10.5484
-10.4617
-10.4197
-10.4622
-10.6651
-10.4953
-10.5319
-10.5484
-10.5229
-10.4865
-10.4622
-10.4713
-10.4326
-10.4554
-10.4717
-10.4701
-10.4687
-10.4865
-10.4755
-10.4622
-10.4622
-10.468
-9.83368
-10.5485
-10.4865
-10.4695
-10.4622
-10.4905
-10.4687
-10.5234
-10.4984
-10.4873
-10.4901
-10.5713
-10.4326
-10.4893
-10.4587
-10.4873
-10.5102
-10.468
-10.4893
-10.4622
-10.4905
-10.4905
-10.4622
-10.6079
-10.4622
-10.5322
-10.4326
-10.4893
-10.4814
-10.4622
-10.4562
-10.5112
-10.4617
-10.5903
-10.4873
-11.2745
-10.6761
-10.5282
-10.49
-10.4601
-10.5319
-10.4499
-10.4905
-10.4873
-10.4687
-10.4717
-10.5257
-10.4939
-10.5229
-10.5247
-10.4622
-10.4622
-10.5319
-10.4865
-10.4675
-10.4873

