-10.4984
-10.4717
-10.4865
-10.4622
-10.4893
-10.4905
-10.4562
-10.4984
-10.5696
-10.4865
-10.4984
-10.4579
-10.4905
-10.5267
-10.3913
-10.488
-10.4617
-10.4984
-10.4475
-10.497
-10.4992
-10.4163
-10.4617
-10.4734
-10.4709
-10.5039
-10.5527
-10.5267
-10.3339
-10.4984
-10.4622
-10.4865
-10.5691
-10.5205
-10.502
-10.4865
-10.4976
-10.4865
-10.4953
-10.4865
-10.4709
-10.4154
-10.5205
-10.4593
-10.4974
-10.4917
-10.4953
-10.4865
-10.4953
-10.4485
-7.88272
-10.4701
-10.4865
-10.4984
-10.4893
-10.4622
-10.5142
-10.424
-10.4687
-10.5112
-10.5472
-10.4905
-10.4905
-10.4617
-10.468
-10.4622
-10.4974
-10.5243
-10.5933
-10.4601
-10.4214
-10.4326
-10.4865
-10.4846
-10.4893
-10.4953
-10.5262
-10.4964
-10.4713
-10.4893
-10.4622
-10.4984
-10.468
-10.4953
-10.5229
-10.4893
-10.4905
-10.4701
-10.4622
-10.4905
-10.4701
-10.4905
-10.4617
-10.4687
-10.4579
-10.4601
-10.4701
-10.3104
-10.5397
-10.5257

