-10.4553
-10.4984
-10.487
-10.4865
-10.3913
-10.4865
-10.3889
-10.4865
-10.4873
-10.463
-10.4893
-10.4905
-10.4865
-10.4905
-10.4964
-10.4326
-10.3973
-10.4701
-10.5116
-10.4893
-10.4865
-10.4701
-10.4687
-10.4893
-10.4617
-10.4783
-10.4622
-10.5698
-10.4675
-10.4687
-10.5229
-10.4865
-10.4622
-10.4656
-10.4591
-10.5397
-10.4326
-10.4617
-10.5234
-10.4656
-10.4656
-10.4294
-10.5996
-10.4865
-10.5527
-10.4953
-10.4713
-10.4984
-10.4905
-10.4846
-10.4953
-10.0598
-10.3919
-10.4687
-10.452
-10.4146
-10.446
-10.4984
-10.4617
-10.4622
-10.5247
-10.6079
-10.4607
-10.4969
-10.4709
-10.4617
-10.4485
-10.4875
-10.4393
-10.4734
-10.5322
-10.4863
-10.5234
-10.4905
-10.4617
-10.4758
-10.5234
-10.6775
-10.4893
-10.4865
-10.4622
-10.5659
-10.5024
-10.5403
-10.4865
-10.5143
-10.4454
-10.5933
-10.4893
-10.4622
-10.4713
-10.5389
-10.4307
-10.4065
-10.4617
-10.5319
-10.4984
-10.4873
-10.5234
-10.3869

