-10.4328
-10.4622
-10.4905
-10.4622
-10.5096
-10.4587
-10.4701
-10.4592
-10.5903
-10.4601
-10.4953
-10.4893
-10.4846
-10.4865
-10.4734
-10.6003
-10.4617
-10.4734
-10.4617
-10.4987
-10.4905
-10.4687
-10.5127
-10.5698
-10.4783
-10.4974
-10.4734
-10.4865
-10.4984
-10.5243
-10.446
-10.4717
-10.423
-10.4622
-10.4865
-10.4622
-10.4622
-10.446
-10.4554
-10.4734
-10.4328
-10.488
-10.4734
-10.4746
-10.4734
-10.5112
-10.3944
-10.4873
-10.4893
-10.4984
-10.5229
-10.4733
-10.4865
-10.5373
-10.4622
-10.6527
-10.4393
-10.4905
-10.4701
-10.4214
-10.4105
-10.4622
-10.5257
-10.4617
-10.4393
-10.4601
-10.4758
-10.4617
-10.4617
-10.4984
-10.3444
-10.5608
-10.5643
-10.4734
-10.4984
-10.4893
-10.4617
-10.4865
-10.4617
-10.4899
-10.4893
-10.4865
-10.4865
-10.4622
-10.4865
-10.471
-10.4974
-10.4065
-10.4097
-10.5244
-10.488
-10.466
-10.4687
-10.4893
-10.4734
-10.4865
-10.4984
-10.5024
-10.5234
-10.4905

