-10.4953
-10.4734
-10.4601
-10.4696
-10.4601
-10.4687
-10.4607
-10.497
-10.4199
-10.5415
-10.4617
-10.4987
-10.4383
-10.4865
-8.85037
-10.4617
-10.559
-10.5024
-10.446
-10.4154
-10.5408
-10.4617
-10.5112
-10.4068
-10.4873
-10.5384
-10.4984
-10.4622
-10.4865
-10.4656
-10.5234
-10.4393
-10.4197
-10.3336
-10.4865
-10.4734
-10.4687
-10.4254
-10.3502
-10.4622
-10.4499
-10.4865
-10.4622
-10.553
-10.4865
-10.4622
-10.4865
-10.404
-10.4597
-10.5774
-10.4622
-10.4601
-10.5234
-10.4939
-10.4744
-10.4617
-10.4214
-10.5169
-10.4656
-10.4622
-10.4393
-10.4984
-10.4326
-10.4953
-10.5527
-10.4701
-10.4865
-10.4617
-10.6079
-10.4984
-10.4893
-10.4688
-10.4865
-10.4873
-10.4893
-10.4905
-10.4462
-10.4584
-10.5229
-10.4428
-10.4622
-10.5319
-10.4865
-10.4984
-10.5142
-10.4903
-10.4953
-10.4865
-10.4984
-10.4485
-10.4865
-10.4865
-10.4905
-10.4873
-10.4617
-10.4893
-10.4622
-10.466
-10.4834
-10.4865

