-10.4701
-10.487
-10.5878
-10.4587
-10.5484
-10.4687
-10.5205
-10.4893
-10.4622
-10.4953
-10.4984
-10.4617
-10.4797
-10.4617
-10.4873
-10.5237
-10.5319
-10.5274
-10.4984
-10.502
-10.4579
-10.4893
-10.4727
-10.4953
-10.4709
-10.4475
-10.4873
-10.4154
-10.4199
-10.4893
-10.4873
-10.4953
-10.5527
-10.4865
-10.4734
-10.4865
-10.473
-10.4984
-10.4513
-10.466
-10.4865
-10.4865
-10.4622
-10.5102
-10.4905
-10.4601
-10.4695
-10.4617
-10.4984
-10.4799
-10.4393
-10.4984
-10.5244
-10.4865
-10.5608
-10.4905
-10.4328
-10.405
-10.4622
-10.4984
-10.502
-10.4617
-10.468
-10.4154
-10.5229
-10.4734
-10.4617
-10.4783
-10.481
-10.4734
-10.5267
-10.4865
-10.3358
-10.5022
-10.4984
-10.4687
-10.4777
-10.4701
-10.4469
-10.4984
-10.4617
-10.5237
-10.5237
-10.5347
-10.4953
-10.4601
-10.4984
-10.559
-10.502
-10.4454
-10.4617
-10.4905
-10.4328
-10.4617
-10.4734
-10.5996
-10.4432
-10.4984
-10.4579
-10.4893

