-10.4984
-10.4601
-10.4601
-10.4905
-10.4865
-10.4695
-10.4893
-10.4734
-10.4865
-10.4499
-10.4326
-10.4606
-10.4873
-10.4865
-10.4687
-10.4734
-10.4701
-10.5462
-10.4428
-10.5237
-10.5243
-10.5533
-10.4695
-10.4396
-10.4701
-10.4865
-10.6406
-10.4984
-10.4893
-10.4701
-10.4326
-10.5237
-10.4687
-10.4254
-10.4154
-10.4656
-10.3931
-10.4905
-10.5504
-10.4622
-10.4992
-10.4208
-10.5169
-10.4536
-10.4984
-10.4984
-10.4865
-10.4701
-10.4617
-10.4893
-10.4069
-10.4733
-10.5247
-10.4953
-10.271
-10.4622
-10.4503
-10.3961
-10.5102
-10.4984
-10.4893
-10.4984
-10.4865
-10.4865
-10.4799
-10.5237
-10.4601
-10.488
-10.4865
-10.5127
-10.4617
-10.4987
-10.5169
-10.4734
-10.5257
-10.4953
-10.4783
-10.4865
-10.4656
-10.5319
-10.4984
-10.6017
-10.5245
-10.3577
-10.4734
-10.4622
-10.4984
-10.4617
-10.4622
-10.4709
-10.482
-10.4984
-10.5472
-10.5662
-10.4617
-10.562
-10.5319
-10.4656
-10.4953
-10.3913

