-10.4865
-10.3186
-10.4622
-10.4383
-10.553
-10.5112
-10.8087
-10.4875
-10.4875
-10.4617
-10.4617
-10.4865
-10.4696
-10.4734
-10.4617
-10.4687
-10.5109
-10.4734
-10.4396
-10.4554
-10.5257
-10.4733
-10.5408
-10.404
-10.5112
-10.4393
-10.5112
-10.4601
-10.4865
-10.4687
-10.5257
-10.5492
-10.497
-10.4701
-10.497
-10.5527
-10.4905
-10.5713
-10.4865
-10.4984
-10.4717
-10.559
-10.5106
-10.4687
-10.5659
-10.466
-10.6876
-10.4617
-10.4734
-10.4326
-10.5049
-10.4873
-10.4021
-10.4656
-10.4197
-10.4875
-10.502
-10.4622
-10.4713
-10.4617
-10.4622
-10.4622
-10.4622
-10.4905
-10.4734
-10.4601
-10.4893
-10.4579
-10.4396
-10.4622
-10.4905
-10.5484
-10.4701
-10.4701
-10.4617
-10.4953
-10.4701
-10.4582
-10.5159
-10.4675
-10.4851
-10.4562
-10.4865
-10.4197
-10.5721
-10.4873
-10.4622
-10.4617
-10.4734
-10.502
-10.5484
-10.4953
-10.4617
-10.5237
-10.4622
-10.4873
-10.5039
-10.4953
-10.4701
-10.4622

