-10.4875
-10.5533
-10.4326
-10.4964
-10.5234
-10.4656
-10.4601
-10.4905
-10.4865
-10.4865
-10.4383
-10.4865
-10.4921
-10.5112
-10.4873
-10.5143
-10.4197
-10.4893
-10.4734
-10.4622
-10.4701
-10.3336
-10.4984
-10.4579
-10.4865
-10.4617
-10.4538
-10.5319
-10.5142
-10.5237
-10.4865
-10.4893
-10.4622
-10.4617
-10.4538
-10.4984
-10.4617
-10.497
-10.486
-10.4905
-10.4396
-10.4687
-10.4617
-10.4717
-10.4893
-10.5798
-10.4617
-10.5102
-10.4656
-10.559
-10.4687
-10.4893
-10.4893
-10.4701
-10.7649
-10.4953
-10.4984
-10.559
-10.562
-10.4717
-10.4865
-10.4984
-10.4529
-10.5257
-10.4984
-10.4984
-10.4865
-10.4617
-10.5237
-10.6348
-10.562
-10.4396
-10.482
-10.4865
-10.4717
-10.4701
-10.4606
-10.4328
-10.488
-10.4974
-10.4393
-10.4814
-10.4984
-10.5638
-10.5024
-10.4984
-10.4622
-10.4701
-10.5112
-10.4865
-10.4865
-10.4713
-10.4622
-10.5024
-10.4393
-10.5142
-10.4601
-10.4617
-10.5234
-10.4622

