-10.5881
-10.5267
-10.4984
-10.4405
-10.4617
-10.5481
-10.4875
-10.4617
-10.4432
-10.5074
-10.4617
-10.2019
-10.4622
-10.4905
-10.4733
-10.5237
-10.4984
-10.4701
-10.4984
-10.4746
-10.5022
-10.4865
-10.562
-10.4701
-10.5112
-10.4617
-10.4893
-10.4984
-10.5262
-10.5267
-10.2237
-10.4865
-10.4984
-10.4622
-10.4984
-10.4865
-10.4734
-10.4865
-10.4905
-10.4865
-10.4873
-10.4687
-10.4675
-10.648
-10.466
-10.4873
-10.5461
-10.4865
-10.4383
-10.4326
-10.3735
-10.5143
-10.4687
-10.5239
-10.6079
-10.4601
-10.4695
-10.4984
-10.4687
-10.4622
-10.559
-10.4865
-10.4617
-10.497
-10.4701
-10.4893
-10.4155
-10.4601
-10.4617
-10.4701
-10.3758
-10.5257
-10.4905
-10.5024
-10.4701
-10.4984
-10.468
-10.5673
-10.4393
-10.4654
-10.5258
-10.4953
-10.4476
-10.4622
-10.5142
-10.4579
-10.5266
-10.4984
-10.468
-10.4974
-10.5024
-10.6079
-10.4622
-10.5798
-10.4905
-10.4865
-10.4579
-10.4992
-10.5234
-10.5022

