-10.4405
-10.5021
-10.4984
-10.5615
-10.4783
-10.404
-10.5234
-10.4734
-10.5024
-10.4453
-10.4984
-10.4984
-10.4361
-10.4069
-10.4538
-10.4953
-10.454
-10.4865
-10.4984
-10.4865
-10.5995
-10.4984
-10.4687
-10.4875
-10.6128
-10.4893
-10.4579
-10.4579
-10.4896
-10.1395
-10.4617
-10.4873
-10.548
-10.4617
-10.4579
-10.4617
-10.4536
-10.4865
-10.4953
-10.5229
-10.4617
-10.4622
-10.4984
-10.488
-10.5229
-10.5818
-10.4701
-10.4953
-10.4656
-10.4953
-10.4783
-10.5818
-10.5234
-10.4393
-10.4734
-10.4617
-10.5319
-10.4622
-10.4865
-10.4328
-10.4865
-10.4893
-10.466
-10.4622
-10.5112
-10.4783
-10.4396
-10.5485
-10.4984
-10.488
-10.4601
-10.5229
-10.4154
-10.4984
-10.4199
-10.5205
-10.559
-10.5102
-10.4656
-10.5319
-10.4326
-10.4777
-10.462
-10.3559
-10.4622
-10.4617
-10.4984
-10.5257
-10.4865
-10.4873
-10.4396
-10.4454
-10.4617
-10.5022
-10.4701
-10.4717
-10.4905
-10.4865
-10.4579
-10.4865

