-10.4601
-10.4873
-10.4873
-10.4984
-10.5608
-10.4734
-10.4866
-10.4617
-10.4865
-10.4538
-10.4688
-10.4307
-10.4717
-10.4622
-10.4665
-10.4606
-10.4328
-10.4656
-10.4606
-10.4953
-10.4987
-10.4326
-10.4865
-10.5049
-10.5369
-10.4865
-10.5205
-10.4485
-10.4984
-10.4984
-10.4617
-10.4873
-10.4865
-10.4695
-10.4622
-10.4687
-10.4151
-11.1981
-10.4984
-10.4622
-10.5594
-10.4326
-10.5612
-10.4984
-10.4068
-10.4622
-10.4601
-10.4873
-10.4622
-10.4617
-10.4865
-10.5484
-10.4622
-10.4579
-11.0129
-10.4953
-10.4865
-10.4893
-10.4893
-10.4688
-10.5237
-10.4873
-10.4601
-10.7009
-10.4197
-10.4953
-10.4617
-10.497
-10.4601
-10.4734
-10.5239
-10.5229
-10.5237
-10.5229
-10.4865
-10.5102
-10.4893
-10.4622
-10.4713
-10.5774
-10.4617
-10.5472
-10.4713
-10.4984
-10.4601
-10.4622
-10.4326
-10.4984
-10.404
-10.4865
-10.4713
-10.5234
-10.4701
-10.4984
-10.4622
-10.4953
-10.5237
-10.4622
-10.4622
-10.4701

