-10.4687
-10.4622
-10.4564
-10.488
-10.4865
-10.4656
-10.4622
-10.4393
-10.5243
-10.5237
-10.4843
-10.4905
-10.4865
-10.4984
-10.4928
-10.4622
-10.4396
-10.4734
-10.5484
-10.5599
-10.4617
-10.5049
-10.4601
-10.4865
-10.5484
-10.4656
-10.4969
-10.5217
-10.4865
-10.5008
-10.4601
-10.5169
-10.4865
-10.4984
-10.4687
-10.4976
-10.4984
-10.4865
-10.5229
-10.4622
-10.5346
-10.4865
-10.5052
-10.4622
-10.497
-10.4396
-10.4687
-10.4622
-10.4687
-10.4536
-10.4873
-10.5102
-10.4622
-9.03096
-10.4617
-10.4905
-10.4244
-10.5267
-10.55
-10.4734
-10.5112
-10.4865
-10.4893
-10.4622
-10.4701
-10.4068
-10.5321
-10.4701
-10.4905
-10.4622
-10.4953
-10.497
-10.4984
-10.4617
-10.4875
-10.4865
-10.5728
-10.4622
-10.4905
-10.4601
-10.5527
-10.5408
-10.4396
-10.4734
-10.4617
-10.4875
-11.1704
-10.4873
-10.5205
-10.4622
-10.4622
-10.5698
-10.4601
-10.5267
-10.4328
-10.4499
-10.4622
-10.4617
-10.4622
-10.4783

