-10.4617
-10.4622
-10.4622
-10.5237
-10.4953
-10.4524
-10.5201
-10.4865
-10.4976
-10.4865
-10.4656
-10.4984
-10.4865
-10.6928
-10.4734
-10.5112
-10.4734
-10.4734
-10.4777
-10.4905
-10.4984
-10.4695
-10.4622
-10.4865
-10.4617
-10.4617
-10.4687
-10.4865
-10.5229
-10.5615
-10.4617
-10.4393
-10.4783
-10.4622
-10.4701
-10.4696
-10.4893
-10.4622
-10.4601
-10.4393
-10.4953
-10.4953
-10.4713
-10.562
-10.4734
-10.5234
-10.4984
-10.4622
-10.4969
-10.4865
-10.4709
-10.4984
-10.4865
-10.4622
-10.5024
-10.4675
-10.4701
-10.4912
-10.4328
-10.4326
-10.4865
-10.4795
-10.4622
-10.4984
-10.5612
-10.4984
-10.5237
-10.4601
-10.4597
-10.4687
-10.5713
-10.4622
-10.4893
-10.4717
-10.5207
-10.4727
-10.4984
-10.4622
-10.4687
-10.4396
-10.4905
-10.4953
-10.4984
-10.5267
-10.4865
-10.4953
-10.4893
-10.4984
-10.4622
-10.5389
-10.5319
-10.4256
-10.754
-10.4905
-10.9576
-10.4617
-10.5926
-10.4622
-10.4601
-10.4865

