-10.4873
-10.4953
-10.4893
-10.4944
-10.4905
-10.4326
-10.4987
-10.4601
-10.5612
-10.4656
-10.4865
-10.4953
-10.4296
-10.6666
-10.4873
-10.4984
-10.5142
-10.4388
-10.562
-10.4383
-10.5403
-10.4687
-10.4865
-10.4865
-10.4734
-10.4396
-10.4984
-10.5378
-10.4622
-10.4865
-10.5319
-10.4326
-10.3336
-10.4865
-10.4622
-10.5102
-10.5049
-10.4783
-10.5205
-10.5247
-10.4476
-10.5237
-10.4984
-10.4579
-10.4717
-10.4701
-10.6469
-10.4069
-10.4905
-10.4865
-10.5201
-10.4396
-10.4984
-10.4984
-10.4733
-10.497
-10.5234
-10.4984
-10.5901
-10.4865
-10.4601
-10.466
-10.5136
-10.4846
-10.4617
-10.5346
-10.4617
-10.4617
-10.4717
-10.4579
-10.5485
-10.5878
-10.4601
-10.4905
-10.6469
-10.55
-10.4846
-10.4601
-10.4905
-10.4865
-10.49
-10.4984
-10.4733
-10.5636
-10.4893
-10.4536
-10.5589
-10.4865
-10.4905
-10.4396
-10.4197
-10.4734
-10.559
-10.7835
-10.497
-10.4984
-10.5352
-10.4727
-10.4701
-10.5143

