-10.4744
-10.4622
-10.4873
-10.4601
-10.5205
-10.4873
-10.4899
-10.4783
-10.4984
-10.4328
-10.4617
-10.4687
-10.5878
-10.4974
-10.562
-10.288
-10.5237
-10.4622
-10.468
-10.4785
-10.5267
-10.4873
-10.4865
-10.4865
-10.5452
-10.3709
-10.4622
-10.4984
-10.4865
-10.4713
-10.4462
-10.5021
-10.5229
-10.5935
-10.4984
-10.562
-10.4536
-10.4905
-10.4873
-10.4953
-10.4865
-10.4964
-10.4687
-10.4601
-10.4873
-10.5643
-10.4622
-10.4984
-10.4984
-10.4905
-10.5527
-10.4904
-10.4622
-10.4865
-10.4197
-10.5243
-10.4734
-10.4984
-10.4865
-10.5243
-10.4701
-10.5234
-10.4656
-10.5039
-10.4622
-10.4834
-10.4617
-10.4687
-10.4065
-10.4622
-10.4893
-10.4905
-10.4893
-10.5527
-10.5243
-10.4622
-10.4905
-10.4622
-10.4734
-10.4701
-10.3186
-10.482
-10.4579
-10.562
-10.4393
-10.4687
-10.6077
-10.4865
-10.4865
-10.5229
-10.4622
-10.4197
-10.4622
-10.5527
-10.6183
-10.4687
-10.4734
-10.4873
-10.4984
-10.4984

