-10.4984
-10.4734
-10.4875
-10.4601
-10.4622
-10.4384
-10.4984
-10.4717
-10.4687
-10.4865
-10.4984
-10.559
-10.4622
-10.5322
-10.4984
-10.4687
-10.4351
-10.4783
-10.3036
-10.4903
-10.4893
-10.4601
-10.4984
-10.5397
-10.4601
-10.4905
-10.4865
-10.4602
-10.4701
-10.5912
-10.4622
-10.5024
-10.5452
-10.4734
-10.4984
-10.4617
-10.4734
-10.4587
-10.5039
-10.4984
-10.4865
-10.4846
-10.4865
-10.4984
-10.5229
-10.6067
-10.4622
-10.4727
-10.4571
-10.3139
-10.4984
-10.4656
-10.6079
-10.4928
-10.3036
-10.468
-10.468
-10.4622
-10.5039
-10.4687
-10.5267
-10.4984
-10.4984
-10.4865
-10.497
-12.5151
-10.4984
-10.4873
-10.4984
-10.4865
-10.4873
-10.4987
-10.4601
-10.4846
-10.4905
-10.4865
-10.4984
-10.4617
-10.4953
-10.4905
-10.3223
-10.4326
-10.5112
-10.7057
-10.5996
-10.4984
-10.4865
-10.4622
-10.4617
-10.5201
-10.3913
-10.5201
-10.4656
-10.5586
-10.4136
-10.4984
-10.4893
-10.4396
-10.4622
-10.4396

