-10.4476
-10.3098
-10.4865
-10.4393
-10.4734
-10.4865
-10.564
-10.4865
-10.534
-10.4701
-10.3139
-10.4617
-10.4734
-10.488
-10.4326
-10.4873
-10.4865
-10.4701
-10.4984
-10.5024
-10.4866
-10.4617
-10.4953
-10.4571
-10.4622
-10.4984
-10.4579
-10.4984
-10.4396
-10.4984
-10.4617
-10.4905
-10.2679
-10.502
-10.4873
-10.4396
-10.4601
-10.4865
-10.4254
-10.4617
-10.466
-10.559
-10.4617
-10.4571
-10.468
-10.4701
-10.4622
-10.4865
-10.4701
-10.4587
-10.4622
-10.4783
-10.5818
-10.4069
-10.4617
-10.4873
-10.4984
-10.4701
-10.4734
-10.5319
-10.4656
-10.4984
-10.4903
-10.468
-10.9328
-10.4799
-10.5229
-10.4865
-10.4734
-10.7127
-10.4326
-10.4396
-10.4622
-10.4307
-10.4617
-10.4984
-10.4328
-10.4905
-10.4865
-10.5127
-10.4656
-10.4984
-10.5106
-10.4905
-10.4984
-10.4942
-10.408
-10.4701
-10.4656
-10.4984
-10.5662
-10.4328
-10.462
-10.4873
-10.4865
-10.4296
-10.4865
-10.4598
-10.4571
-10.4687

