-10.2897
-10.4734
-10.4865
-10.5234
-10.8836
-10.4984
-10.7408
-10.5234
-11.0267
-10.4656
-10.4617
-10.5234
-10.4622
-10.4984
-10.5243
-10.404
-10.4953
-10.4696
-10.4984
-10.4673
-10.4953
-10.4905
-10.4785
-10.4617
-10.6883
-10.4893
-10.4326
-10.4865
-10.4873
-10.4296
-10.4783
-10.4622
-10.4984
-10.4579
-10.5024
-10.8909
-10.4622
-10.4622
-10.4797
-10.4865
-10.4987
-10.4617
-10.4269
-10.4865
-10.5586
-10.4865
-10.4865
-10.5933
-10.4846
-10.4617
-10.5234
-10.4984
-10.4984
-10.5527
-10.4865
-10.4607
-10.5247
-10.4197
-10.5489
-10.5944
-10.4687
-10.5205
-10.4893
-10.4571
-10.4462
-10.4865
-10.4984
-10.4617
-10.4893
-10.5484
-10.4687
-10.5229
-10.5237
-10.4873
-10.3931
-10.4865
-10.4687
-10.4622
-10.4701
-10.466
-10.5169
-10.4197
-10.4976
-10.4734
-10.4905
-10.4893
-10.4622
-10.4905
-10.4905
-10.4865
-10.4617
-10.4622
-10.4601
-10.4865
-10.5237
-10.4865
-10.4984
-10.4953
-10.4579
-10.4326

