-10.5608
-10.4953
-10.5731
-10.4865
-10.5201
-10.4734
-10.4601
-10.5093
-10.4865
-10.553
-10.4865
-10.5527
-10.4617
-10.4687
-10.5205
-10.4905
-10.5247
-10.4328
-10.4554
-10.5612
-10.5205
-10.4984
-10.4554
-10.468
-10.4328
-10.4454
-10.4617
-10.4617
-10.4622
-10.5397
-10.4873
-10.4687
-10.4734
-10.4622
-10.4984
-10.4865
-10.5024
-10.4057
-10.4783
-10.4951
-10.468
-10.4984
-10.4622
-10.4746
-10.4687
-10.4734
-10.4701
-10.5586
-10.4622
-10.4984
-10.4865
-10.4562
-10.4536
-10.4865
-10.4984
-10.5348
-10.4734
-10.5229
-10.4865
-10.4602
-10.4701
-10.4846
-10.5319
-10.4734
-10.4556
-10.4865
-10.5484
-10.5203
-10.4393
-10.4622
-10.4953
-10.4865
-10.4953
-10.4617
-10.4987
-10.5322
-10.4622
-10.4953
-10.4905
-10.5991
-10.5142
-10.4617
-10.4873
-10.4695
-10.5659
-10.5243
-10.5229
-10.4873
-10.4701
-10.5527
-10.5205
-10.4587
-10.4393
-10.4783
-10.5698
-10.4553
-10.466
-10.4873
-10.4938
-10.462

