-10.4617
-10.4163
-10.4865
-10.4524
-10.4617
-10.4734
-10.4863
-10.4734
-10.4393
-10.4984
-10.5112
-10.4129
-10.468
-10.5258
-10.404
-10.4746
-10.4713
-10.482
-10.4701
-10.4984
-10.4846
-10.4601
-10.4393
-10.4617
-10.4984
-10.6395
-10.5229
-10.4846
-10.446
-10.4893
-10.4734
-10.4299
-10.6039
-10.5112
-10.4865
-10.4865
-10.4687
-10.5239
-10.5284
-10.4953
-10.4865
-10.5484
-10.4953
-10.5403
-10.4873
-10.919
-10.4675
-10.4475
-10.4065
-10.4579
-10.4396
-10.5257
-10.559
-10.4701
-10.4865
-10.4783
-10.4905
-10.5527
-10.4865
-10.4984
-10.4617
-10.4622
-10.4865
-10.5472
-10.473
-10.4687
-10.0529
-10.4893
-10.4396
-10.4709
-10.4893
-10.5127
-10.4675
-10.4524
-10.4984
-10.4601
-10.4905
-10.562
-10.5237
-10.5484
-10.4984
-10.468
-10.5234
-10.4617
-10.4701
-10.5403
-10.4296
-10.8615
-10.583
-10.4701
-10.4984
-10.4709
-10.4865
-10.4733
-10.5923
-10.6715
-10.2745
-10.4905
-10.5239
-10.4953

