-10.4865
-10.4687
-10.4865
-10.5758
-10.4984
-10.5479
-10.4953
-10.4656
-10.4154
-10.4942
-10.4865
-10.4601
-10.4057
-10.4905
-10.4617
-10.4622
-10.5169
-10.4622
-10.4617
-10.4865
-10.4905
-10.4524
-10.4656
-10.5319
-10.4617
-10.4601
-10.4865
-10.4622
-10.4717
-10.4974
-10.4873
-10.4984
-10.5485
-10.5479
-10.4617
-10.5142
-10.4587
-10.4953
-10.4942
-10.4328
-10.4865
-10.4554
-10.4953
-10.4701
-10.5484
-10.3797
-10.4701
-10.4701
-10.4622
-10.4734
-10.6942
-10.4984
-10.5963
-10.4865
-10.4622
-10.4865
-10.4617
-10.4873
-10.5102
-10.498
-10.5049
-10.4865
-10.4734
-10.4873
-10.4622
-10.4687
-10.4865
-10.4617
-10.4903
-10.5659
-10.4622
-10.4617
-10.4536
-10.4617
-10.4393
-10.4617
-10.5169
-10.3913
-10.4953
-10.4701
-10.5266
-10.4808
-10.4709
-10.4984
-10.5247
-10.497
-10.4984
-10.4536
-10.488
-10.4865
-10.4675
-10.4734
-10.4905
-10.883
-10.497
-10.548
-10.4783
-10.5112
-10.4786
-10.4405

