-10.5039
-10.4622
-10.4984
-10.4974
-10.4984
-10.4326
-10.5774
-10.5142
-10.4622
-10.4617
-10.4701
-10.4717
-10.4893
-10.4396
-10.4601
-10.4865
-10.4622
-10.4352
-10.4579
-10.4865
-10.4939
-10.4734
-10.4622
-10.4984
-10.4396
-10.502
-10.4953
-10.4865
-10.5485
-10.4777
-10.4154
-10.4695
-10.4326
-10.502
-10.4587
-10.3794
-9.86811
-10.4866
-10.4307
-10.4893
-10.4783
-10.4197
-10.446
-10.4622
-10.4984
-10.5712
-10.5201
-10.4905
-10.5244
-10.5901
-10.4865
-10.6077
-10.5201
-10.487
-10.4068
-10.4069
-10.4523
-10.6399
-10.4383
-10.4701
-10.4554
-10.4777
-10.4383
-10.4984
-10.5322
-10.5041
-10.4197
-10.4701
-10.4953
-10.4875
-10.559
-10.497
-10.4984
-10.4068
-10.4865
-10.3782
-10.4865
-10.4865
-10.5403
-10.4601
-10.4865
-10.5234
-10.4783
-10.3919
-10.6316
-10.4896
-10.4622
-10.5237
-10.8849
-10.5205
-10.4865
-10.497
-10.4783
-10.4601
-10.4984
-10.5373
-10.4984
-10.4905
-10.7365
-10.4675

