-10.6491
-10.4865
-10.5243
-10.4622
-10.4617
-10.4622
-10.4601
-10.4701
-10.4984
-10.4865
-10.5102
-10.4701
-10.4905
-10.4617
-10.4701
-10.6079
-10.4307
-10.4513
-10.4873
-10.5217
-10.4733
-10.4893
-10.4953
-10.4701
-10.5373
-10.4254
-10.4964
-10.4687
-10.4893
-10.4296
-10.6395
-10.5247
-10.5403
-10.4601
-10.4984
-10.5229
-10.5024
-10.4984
-10.5205
-10.4244
-10.4622
-10.4893
-10.2143
-10.4244
-10.5782
-10.4601
-10.4905
-10.4393
-10.2143
-10.5039
-10.4873
-10.4984
-10.4905
-10.5237
-10.5485
-10.5485
-10.4734
-10.5527
-10.4865
-10.5142
-10.4903
-10.559
-10.4254
-10.4701
-10.4905
-10.5237
-10.4953
-10.4695
-10.4687
-10.4905
-10.9851
-10.4214
-10.5472
-10.4865
-10.4984
-10.4893
-10.4622
-10.4865
-10.5485
-10.4905
-10.4688
-10.4622
-10.4687
-10.4622
-10.4713
-10.4617
-10.4984
-10.4656
-10.4617
-10.4734
-10.4622
-10.5319
-10.4981
-10.5864
-10.4579
-10.4905
-9.86683
-10.5613
-10.4065
-10.4557

