-10.4617
-10.468
-10.4865
-10.4865
-10.4675
-10.5319
-10.4656
-10.4688
-10.4622
-10.4905
-10.4777
-10.5237
-10.4562
-10.4905
-10.4601
-10.4695
-10.4992
-10.4656
-10.4701
-10.5728
-10.4068
-10.497
-10.462
-10.4899
-10.4905
-10.4617
-10.4579
-10.4984
-10.4984
-10.4905
-10.4873
-10.4984
-10.5201
-10.4865
-10.5319
-10.3336
-10.4393
-10.4734
-10.4396
-10.4865
-10.4984
-10.4734
-10.466
-10.4865
-10.4734
-10.4579
-10.4617
-10.4713
-10.4984
-10.3917
-10.497
-10.4984
-10.4795
-10.4622
-10.3913
-10.4976
-10.4622
-10.4783
-10.4405
-10.4396
-10.5408
-10.4893
-10.4328
-10.4865
-10.1309
-10.4564
-10.51
-10.7057
-10.4783
-10.559
-10.4617
-10.4154
-10.5024
-10.3098
-10.5348
-10.4113
-10.468
-10.5247
-10.5741
-10.534
-10.4984
-10.5143
-10.5201
-10.4579
-10.4873
-10.4601
-10.4695
-10.4734
-10.488
-10.5319
-10.4383
-10.3051
-10.4984
-10.4984
-10.6017
-10.6316
-10.4873
-10.4696
-10.4622
-10.4617

