-10.4984
-10.4587
-10.4783
-10.497
-10.4601
-10.5127
-10.6469
-10.4905
-10.4734
-10.4953
-10.4617
-10.4687
-10.4601
-10.562
-10.548
-10.4617
-10.4893
-10.5039
-10.5319
-10.4617
-10.4675
-10.4396
-10.5267
-10.486
-10.4865
-10.4984
-10.8844
-10.4393
-10.488
-10.348
-10.4424
-10.4675
-10.4396
-10.4617
-10.4905
-10.4865
-10.4799
-10.5024
-10.5257
-10.4617
-10.4865
-10.4984
-10.3913
-10.4717
-10.4601
-10.5201
-10.4733
-10.5049
-10.488
-10.4865
-10.5991
-10.4893
-10.5589
-10.4617
-10.5229
-10.4701
-10.4296
-10.4396
-10.4622
-10.4068
-10.4617
-10.4701
-10.5492
-10.4622
-10.4984
-10.4622
-10.4617
-10.5527
-10.4893
-10.4393
-10.486
-10.4905
-10.4687
-10.4783
-10.4942
-10.4717
-10.4617
-10.3663
-10.4617
-10.4656
-10.4734
-10.4984
-10.466
-10.5244
-10.4865
-10.4622
-10.5267
-10.5878
-10.4783
-10.4905
-10.4893
-10.5901
-10.4687
-10.4783
-10.4656
-10.4214
-10.4687
-10.5049
-10.4617
-10.4873

