-10.2579
-10.5112
-10.4984
-10.4113
-10.4622
-10.5319
-10.4701
-10.5818
-10.482
-10.4984
-10.5389
-10.8984
-10.4865
-10.4617
-10.4893
-10.4622
-10.6185
-10.5484
-10.4873
-10.4393
-10.4601
-10.2963
-10.4953
-10.4622
-10.4536
-10.4579
-10.4654
-10.4622
-10.4953
-10.4068
-10.4617
-10.4601
-10.4865
-10.4622
-10.5041
-10.7856
-10.4598
-10.4746
-10.5021
-11.0365
-10.4617
-10.6026
-10.4734
-10.4617
-10.5484
-10.4873
-10.4984
-10.6491
-10.4984
-10.4734
-10.4687
-10.4734
-10.4617
-10.5116
-10.0858
-10.4984
-10.4197
-10.468
-10.5201
-10.4984
-10.6395
-10.4617
-10.4687
-10.5262
-10.4684
-10.4865
-10.4687
-10.4893
-10.4734
-10.4622
-10.4617
-10.4701
-10.4564
-10.5809
-10.5201
-10.5721
-10.4617
-10.5244
-10.4905
-10.4028
-10.4893
-10.4984
-10.4987
-10.4984
-10.4622
-10.4601
-10.5991
-10.4865
-10.5234
-10.4865
-10.5408
-10.4984
-10.4601
-10.5041
-10.4984
-10.4069
-10.4587
-10.5257
-10.4617
-10.593

