-10.5527
-10.4905
-10.4475
-10.4865
-10.4197
-10.5021
-10.4675
-10.4475
-10.4396
-10.4865
-10.468
-10.3186
-10.5021
-10.4701
-10.5484
-10.4873
-10.4622
-10.5991
-10.4601
-10.6003
-10.5933
-10.4734
-10.4873
-10.4984
-10.4601
-10.6985
-10.4617
-10.4622
-10.5762
-10.4396
-10.5112
-10.4687
-10.4622
-10.4617
-10.5112
-10.4746
-10.4799
-10.4717
-10.4656
-10.4617
-10.5484
-10.4617
-10.4953
-10.5061
-10.4893
-10.4328
-10.4396
-10.6715
-10.4893
-10.4065
-10.4873
-10.4953
-10.4905
-10.5222
-10.5266
-10.4068
-10.4701
-10.4984
-10.4953
-10.4326
-10.4865
-10.4987
-10.4656
-10.4953
-10.5024
-10.4617
-10.4622
-10.4622
-10.5102
-10.4799
-10.502
-10.4622
-10.4656
-10.4984
-10.4601
-10.4758
-10.5484
-10.468
-10.4617
-10.4717
-10.4701
-10.4865
-10.468
-10.4905
-10.4695
-10.4579
-10.5527
-10.5472
-10.5237
-10.4622
-10.4893
-10.4622
-10.4617
-10.4687
-10.4783
-10.4734
-10.5041
-10.4905
-10.502
-10.4713

