-10.4393
-10.4617
-10.4964
-10.3804
-10.4953
-10.4601
-10.4701
-10.4326
-10.4622
-10.5257
-10.6365
-10.4873
-10.5319
-10.4601
-10.468
-10.4799
-10.4984
-10.4984
-10.5229
-10.4984
-10.8382
-10.4278
-10.4865
-10.5247
-10.4992
-10.502
-10.5267
-10.4863
-10.4701
-10.4622
-9.83566
-10.4846
-10.4865
-10.4984
-10.4656
-10.4893
-10.4601
-10.5412
-10.5912
-10.497
-10.3773
-10.5292
-10.5659
-10.4984
-10.5247
-10.4393
-10.4687
-10.4953
-10.4905
-10.559
-10.4701
-10.4865
-10.4601
-10.4656
-10.4601
-10.468
-10.4893
-10.4328
-10.4893
-10.4873
-10.5234
-10.3913
-10.5267
-10.5527
-10.4701
-10.4865
-10.4984
-10.4617
-10.446
-10.4799
-10.4984
-10.4783
-10.4622
-10.6079
-10.4984
-10.4893
-10.4622
-10.4713
-10.4709
-10.497
-10.4869
-10.4992
-10.5408
-10.473
-10.5039
-10.4617
-10.4687
-10.4984
-10.4865
-10.568
-10.4846
-10.5795
-10.4865
-10.5049
-10.5257
-10.5243
-10.4622
-10.4197
-10.5319
-10.4326

