-10.4984
-10.4865
-10.4579
-10.5102
-10.4622
-10.444
-10.4984
-10.468
-10.4475
-10.4938
-10.4326
-10.5583
-10.4865
-10.6363
-10.454
-10.4554
-10.4734
-10.4893
-10.5229
-10.5319
-10.4617
-10.5301
-10.4984
-10.4905
-10.4687
-10.4587
-10.5472
-10.4893
-10.4622
-10.553
-10.4617
-10.4622
-10.466
-10.4296
-10.446
-10.4953
-10.4905
-10.4068
-10.5102
-10.4622
-10.4865
-10.4953
-10.5142
-10.4601
-10.4873
-10.4953
-10.4953
-10.4622
-10.4984
-10.4746
-10.4953
-10.4953
-10.497
-10.5963
-10.4865
-10.5205
-10.4622
-10.4687
-11.4273
-10.5205
-10.4326
-10.5039
-10.4865
-10.4783
-10.4709
-10.5169
-10.4622
-10.4617
-10.468
-10.562
-10.4695
-10.3608
-10.4713
-10.4734
-10.5205
-10.4571
-10.4984
-10.468
-10.4893
-10.5024
-10.5234
-10.5112
-10.4734
-10.4984
-10.4622
-10.5731
-10.4905
-10.4974
-10.4865
-10.5527
-10.4865
-10.4631
-10.5484
-10.5673
-10.7835
-10.4987
-10.4905
-10.4593
-10.4617
-10.4865

