-10.4783
-10.4734
-10.4734
-10.4617
-10.4513
-10.4656
-10.4617
-10.4734
-10.4865
-10.4675
-10.5586
-10.454
-10.4607
-10.4905
-10.4701
-10.5462
-10.4617
-10.4984
-10.5608
-10.497
-10.4734
-10.4687
-10.4069
-10.4701
-10.4622
-10.5319
-10.4617
-10.4622
-10.4984
-10.5239
-10.4622
-10.4865
-10.5112
-10.4893
-10.4984
-10.4953
-10.4865
-10.5234
-10.4579
-10.4974
-10.5319
-10.4865
-10.4687
-10.4953
-10.4617
-10.4984
-10.4393
-10.4865
-10.4905
-10.4617
-10.5319
-10.4905
-10.4984
-10.4617
-10.4875
-10.4562
-10.4701
-10.4617
-10.4993
-10.4163
-10.5484
-10.502
-10.4953
-10.4197
-10.4687
-10.4197
-10.4905
-10.4865
-10.4734
-10.5022
-10.4865
-10.5612
-10.5102
-10.4208
-10.4777
-10.5257
-10.8005
-10.4296
-10.4687
-10.4783
-10.4905
-10.4893
-10.497
-10.4893
-10.4905
-10.3973
-10.3874
-10.4617
-10.4601
-10.4525
-10.4865
-10.4783
-10.4687
-10.468
-10.5373
-10.4953
-10.4617
-10.4992
-10.4893
-10.4984

