-10.5648
-10.4953
-10.4622
-10.4953
-10.4984
-10.5237
-10.5403
-10.4622
-10.534
-10.446
-10.4065
-10.4617
-10.4591
-10.4154
-10.4622
-10.4383
-10.4575
-10.4984
-10.5284
-10.4799
-10.5944
-10.4865
-10.454
-10.4893
-10.4622
-10.4617
-10.4873
-10.4197
-10.4873
-10.4984
-10.4601
-10.4485
-10.3797
-10.4984
-10.4865
-10.4617
-10.8178
-10.4717
-10.6079
-10.4984
-10.4984
-10.5485
-10.4953
-10.4617
-10.4687
-10.4326
-10.4893
-10.4622
-10.462
-10.4873
-10.4984
-10.4733
-10.4905
-10.4622
-10.4684
-10.5207
-10.4197
-10.5472
-10.5237
-10.4622
-10.4396
-10.5205
-10.4709
-10.5527
-10.5237
-10.4984
-10.4893
-10.4865
-10.4734
-10.4617
-10.4687
-10.548
-10.4865
-10.4984
-10.4396
-10.4307
-10.4396
-10.5319
-10.4326
-10.4601
-10.4865
-10.4984
-10.4893
-10.4846
-10.4905
-10.4865
-10.4777
-10.4976
-10.559
-10.5024
-10.5612
-10.5247
-10.5234
-10.4984
-10.462
-10.4587
-10.4453
-10.4873
-10.497
-10.4984

