-10.468
-10.4865
-10.4783
-10.4873
-10.4984
-10.482
-10.4865
-10.4873
-10.4984
-10.4328
-10.4905
-10.6183
-10.5267
-10.4984
-10.4617
-10.4799
-10.4899
-10.4865
-10.4984
-10.5247
-10.5201
-10.4777
-10.4905
-10.4656
-10.4846
-10.5319
-10.4361
-10.6128
-10.4617
-10.6042
-10.5096
-10.4984
-10.4146
-10.4865
-10.4905
-10.5996
-10.4783
-10.4984
-10.4873
-10.4199
-10.4701
-10.486
-10.4865
-10.4865
-10.4622
-10.5484
-10.4622
-10.4953
-10.4865
-10.568
-10.4865
-10.4709
-10.5319
-10.4068
-10.4921
-10.4617
-10.5106
-10.4687
-10.4873
-10.4893
-10.4622
-10.4976
-10.4326
-10.4617
-10.3336
-10.4964
-10.4622
-10.4797
-10.4717
-10.4865
-10.468
-10.4734
-10.4617
-10.4601
-10.3919
-10.4953
-10.4503
-10.4328
-10.4865
-10.488
-10.4428
-10.4622
-10.4984
-10.4068
-10.4865
-10.4454
-10.4622
-10.4905
-10.4865
-10.4701
-10.4984
-10.4984
-10.4393
-10.4905
-10.4622
-10.4695
-10.4269
-10.4617
-10.4388
-10.4984

