-10.49
-10.4617
-10.4865
-10.5109
-10.5462
-10.4524
-10.4591
-10.462
-10.5484
-10.4428
-10.6346
-10.4984
-10.4254
-10.4905
-10.4396
-10.468
-10.4893
-10.4622
-10.4601
-10.5026
-10.4951
-10.4987
-10.4893
-10.5764
-10.4687
-10.3913
-10.5869
-10.4328
-10.4617
-10.4622
-10.4617
-10.4846
-10.4953
-10.5322
-10.4701
-10.4383
-10.4783
-10.4617
-10.4296
-10.4579
-10.4622
-10.4865
-10.4713
-10.4865
-10.4953
-10.5242
-10.4622
-10.4984
-10.4846
-10.4617
-10.3643
-10.4617
-10.4865
-10.4777
-10.4622
-10.4953
-10.4701
-10.5267
-10.4622
-10.4617
-10.4984
-10.4984
-10.4622
-10.4651
-10.4984
-10.4383
-10.5112
-10.1143
-10.4865
-10.4865
-10.4984
-10.4687
-10.482
-10.4734
-10.4984
-10.4984
-10.4622
-10.4687
-10.4846
-10.406
-10.4617
-10.5237
-10.4622
-10.4622
-10.4352
-10.4605
-10.4601
-10.4601
-10.3336
-10.4953
-10.4783
-10.4617
-10.562
-10.4953
-10.4454
-10.4485
-10.4617
-10.5169
-10.5472
-10.5912

