-10.559
-10.4617
-10.4734
-10.5205
-10.5247
-10.5612
-10.4601
-10.4873
-10.4865
-10.4687
-10.497
-10.4905
-10.4454
-10.5136
-10.9837
-10.4905
-10.4783
-10.4865
-10.4617
-10.4873
-10.2375
-10.5472
-10.4393
-10.5991
-10.5322
-10.5239
-10.4622
-10.4687
-10.4734
-10.4254
-10.4873
-10.5109
-10.5527
-10.4622
-10.4601
-10.4617
-10.6183
-10.4326
-10.4783
-10.4601
-10.4783
-10.4903
-10.4873
-10.4617
-10.562
-10.5527
-10.4601
-10.4717
-10.5347
-10.4865
-10.4953
-10.4873
-10.4622
-10.4865
-10.5234
-10.4865
-10.4129
-10.4154
-10.4984
-10.5319
-10.5319
-10.4893
-10.4953
-10.562
-10.4622
-10.4557
-10.4393
-10.5933
-10.5237
-10.4734
-10.5073
-10.4579
-10.4984
-10.4617
-10.4622
-10.4617
-10.4388
-10.4984
-10.4405
-10.4984
-10.6183
-10.5239
-10.5239
-10.4905
-10.4865
-10.4951
-10.466
-10.4701
-10.4893
-10.4953
-10.5527
-10.4865
-10.4865
-10.4865
-10.5229
-10.497
-10.4617
-10.7517
-10.4873
-10.4865

