-10.4865
-10.5485
-10.4846
-10.5944
-10.4326
-10.4617
-10.4622
-10.4617
-10.7341
-10.4938
-10.4617
-10.5352
-10.4984
-10.3253
-10.4601
-10.4617
-10.468
-10.5384
-10.5282
-10.4601
-10.4617
-10.4953
-10.4617
-10.5102
-10.4651
-10.4469
-10.4953
-10.814
-10.5243
-10.5608
-10.4617
-10.4953
-10.4617
-10.4388
-10.5608
-10.4197
-10.2949
-10.4777
-10.4656
-10.4622
-10.4396
-10.4701
-10.4984
-10.4554
-10.4622
-10.4575
-10.5205
-10.4893
-10.5048
-10.5319
-10.4905
-10.4513
-10.2011
-10.5659
-10.4984
-10.4105
-10.4865
-10.4656
-10.4984
-10.4905
-10.4687
-10.4579
-10.4557
-10.4617
-10.4601
-10.4734
-10.4865
-10.4701
-10.5074
-10.4259
-10.4617
-10.562
-10.562
-10.4617
-10.4865
-10.5485
-10.4783
-10.5615
-10.4893
-10.4734
-10.4953
-10.4783
-10.5466
-10.4984
-10.4601
-10.4617
-10.5282
-10.4984
-10.4601
-10.5714
-10.4328
-10.4068
-10.5878
-10.4687
-10.4687
-10.5237
-10.4746
-10.4865
-10.5234
-10.4622

