-10.4396
-10.446
-10.4675
-10.4601
-10.4656
-10.4984
-10.3085
-10.4701
-10.4617
-10.4953
-10.5102
-10.4617
-10.4717
-10.5205
-10.4701
-10.4687
-10.4296
-10.4893
-10.4587
-10.4701
-10.5373
-10.4701
-10.5472
-10.4396
-10.5243
-10.5022
-10.4846
-10.4905
-10.4974
-10.4964
-10.5346
-10.4424
-10.4622
-10.4865
-10.4601
-10.4992
-10.4701
-10.4396
-10.4687
-10.4921
-10.4905
-10.4984
-10.3954
-10.4783
-10.4984
-10.4656
-10.4617
-10.4865
-10.4717
-10.4579
-10.4454
-10.4326
-10.5462
-10.5237
-10.4873
-10.4865
-10.4984
-10.5234
-10.5247
-10.4866
-10.5234
-10.4068
-10.4893
-10.4717
-10.4905
-10.5297
-10.4893
-10.4622
-10.4326
-10.4601
-10.4617
-10.5109
-10.4953
-10.4865
-10.4469
-10.4984
-10.4873
-10.4984
-10.5112
-10.5024
-10.4656
-10.466
-10.4587
-10.4984
-10.4865
-10.5229
-10.5569
-10.5239
-10.4601
-10.5586
-10.4873
-10.4783
-10.4617
-10.4656
-10.4617
-10.4687
-10.4622
-10.6185
-10.4113
-10.4687

