-10.4873
-10.4953
-10.4701
-10.5024
-10.4687
-10.4622
-10.4617
-10.497
-10.5659
-10.4984
-10.4717
-10.5234
-10.4939
-10.4701
-10.5599
-10.4865
-10.5673
-10.6991
-10.4556
-10.4577
-10.4393
-10.4905
-10.4905
-10.502
-10.4984
-10.5237
-10.4393
-10.4701
-10.6077
-10.5205
-10.4068
-10.4622
-10.4154
-10.4905
-10.754
-10.4197
-10.4953
-10.4617
-10.4734
-10.4873
-10.4953
-10.4984
-10.5023
-10.4617
-10.4865
-10.4709
-10.454
-10.4631
-10.754
-10.4475
-10.4984
-10.4617
-10.4617
-10.4893
-10.4873
-10.4326
-10.4601
-10.4524
-10.4617
-10.5319
-10.4579
-10.4701
-10.4687
-10.4865
-10.4513
-9.83368
-10.5229
-10.4701
-10.4984
-10.5322
-10.4953
-10.4984
-10.497
-10.488
-10.502
-10.4734
-10.4587
-10.4617
-10.4601
-10.6883
-10.5239
-10.4875
-10.4533
-10.4617
-10.5234
-10.4901
-10.4396
-10.4622
-10.5096
-10.5022
-10.4953
-10.4601
-10.4984
-10.4873
-10.4974
-11.0267
-10.4605
-10.5973
-10.4617
-10.4587

