-10.4622
-10.4617
-10.4893
-10.4865
-10.4028
-10.4905
-10.5485
-10.4656
-10.4556
-10.4687
-10.4734
-10.4783
-10.4946
-10.4656
-10.4905
-10.4296
-10.446
-10.4893
-10.5319
-10.4865
-10.6427
-10.4734
-10.4846
-10.5243
-10.4893
-10.5237
-10.5239
-10.4865
-10.4984
-10.4622
-10.4865
-10.4953
-10.5201
-10.4905
-10.4326
-10.5169
-10.5783
-10.4873
-10.4928
-10.4687
-10.4622
-10.4383
-10.5026
-10.4865
-10.5319
-10.4687
-10.4554
-10.4717
-10.5484
-10.5205
-10.4984
-10.4701
-10.4865
-10.4783
-10.3804
-10.5102
-10.4584
-10.4601
-10.4155
-10.4984
-10.4701
-10.4154
-10.4393
-10.4734
-10.4865
-10.4622
-10.4984
-10.4893
-10.4622
-10.4984
-10.4873
-10.5201
-10.4562
-10.4984
-10.5049
-10.562
-10.4617
-10.4617
-10.4154
-10.4717
-10.4865
-10.5922
-10.4617
-10.5878
-10.5484
-10.5168
-10.5112
-10.4485
-10.5243
-10.4396
-10.5024
-10.4617
-10.4893
-10.4873
-10.5039
-10.4713
-10.5303
-10.4783
-10.4197
-10.4622

