-10.5247
-10.4709
-10.4733
-10.5881
-10.4744
-10.4328
-10.4687
-10.4717
-10.4701
-10.4617
-10.5485
-10.4783
-10.4687
-10.5612
-10.5112
-10.4687
-10.4873
-10.4622
-10.4984
-10.4622
-10.4617
-10.4591
-10.4783
-10.4617
-10.4893
-10.4396
-10.4622
-10.4717
-10.4783
-10.4579
-10.5267
-10.468
-10.4383
-10.4617
-10.5201
-10.5279
-10.4584
-10.4713
-10.4893
-10.4622
-10.4475
-10.4734
-10.497
-10.4622
-10.4622
-10.4076
-10.4981
-10.5239
-10.5205
-10.4396
-10.4701
-10.4352
-10.4865
-10.4562
-10.4617
-10.465
-10.4783
-10.4622
-10.5322
-10.5112
-10.5397
-10.4326
-10.4601
-10.4984
-10.4208
-10.5319
-10.4687
-10.5112
-10.4832
-10.4601
-10.4984
-10.4617
-10.502
-10.4622
-10.4197
-10.6225
-10.4601
-10.4783
-10.4709
-10.4873
-10.4579
-10.4865
-10.4654
-10.4622
-10.4617
-10.5243
-10.4905
-10.4701
-10.4254
-10.5262
-10.4984
-10.4777
-10.4953
-10.4695
-10.4905
-10.5322
-10.4622
-10.4984
-10.4893
-10.4873

