-10.4254
-10.4951
-10.5733
-10.4396
-10.4865
-10.4893
-10.4617
-10.5205
-10.4946
-10.4617
-10.4564
-10.4984
-10.4617
-10.4734
-10.5527
-10.4617
-10.4893
-10.4865
-10.5247
-10.5995
-10.4622
-10.51
-10.4984
-10.4065
-10.4562
-10.4439
-10.4622
-10.4622
-10.4617
-10.4622
-10.4622
-10.8045
-10.5527
-10.4656
-10.4846
-10.4656
-10.4617
-10.5234
-10.4984
-10.5375
-10.4984
-10.4834
-10.5229
-10.4865
-10.4951
-10.559
-10.4717
-10.4214
-10.5201
-10.4485
-10.4984
-10.4984
-10.4733
-10.4814
-10.4617
-10.4984
-10.4622
-10.4687
-10.4622
-10.5319
-10.4701
-10.4783
-10.4554
-10.4734
-10.4622
-10.4713
-10.4865
-10.4865
-10.4622
-10.5403
-10.4701
-10.4893
-10.4984
-10.4485
-10.4987
-10.4617
-10.4622
-10.5247
-10.4984
-10.4601
-10.4974
-10.4758
-10.4873
-10.4701
-10.4622
-10.4326
-10.4571
-10.4617
-10.4865
-10.5659
-10.4797
-10.4601
-10.4622
-10.4622
-10.5229
-10.5257
-10.3358
-10.5229
-10.4587
-10.4554

