-10.5049
-10.4734
-10.4987
-10.4687
-10.4734
-10.4734
-10.4326
-10.5024
-10.4617
-10.4875
-10.4984
-10.4865
-10.4984
-10.4905
-10.6317
-10.4873
-10.4984
-10.4601
-10.5944
-10.4865
-10.4254
-10.4622
-10.4656
-10.4987
-10.4905
-10.464
-10.4617
-10.4953
-10.4893
-10.4905
-10.4622
-10.4783
-10.4865
-10.5234
-10.4865
-10.4984
-10.4617
-10.3944
-10.4873
-10.4601
-10.4656
-10.4783
-10.4396
-10.4393
-10.4687
-10.4622
-10.4513
-10.5818
-10.4953
-10.4893
-10.4701
-10.4687
-10.4617
-10.4992
-10.5234
-10.4326
-10.4893
-10.4783
-10.4984
-10.49
-10.5346
-10.4953
-10.4622
-10.5102
-10.4984
-10.5764
-10.4575
-10.5237
-10.4393
-10.4617
-10.4622
-10.5201
-10.4687
-10.4601
-10.4673
-10.6395
-10.4865
-10.5257
-10.4733
-10.466
-10.4475
-10.5659
-10.5319
-10.4601
-10.5229
-10.4865
-10.4984
-10.5205
-10.5322
-10.5347
-10.4727
-10.4328
-10.3051
-10.3931
-10.4905
-10.4865
-10.4617
-10.4964
-10.4396
-10.4783

