-10.4865
-10.4873
-10.4984
-10.4656
-10.4326
-10.5237
-10.4622
-10.4984
-10.4893
-10.4617
-10.4617
-10.4601
-10.4617
-10.4622
-10.4214
-10.4622
-10.4485
-10.4556
-10.4579
-10.562
-10.5229
-10.4865
-10.4617
-10.4865
-10.6185
-10.4601
-10.4499
-10.4976
-10.5375
-10.4617
-10.468
-10.4846
-10.4734
-10.4734
-10.4622
-10.5933
-10.4834
-10.4905
-10.4617
-10.4865
-10.482
-10.4396
-10.4687
-10.4622
-10.4701
-10.4326
-10.4622
-10.4154
-10.5244
-10.4905
-10.5881
-10.4622
-10.5201
-10.4797
-10.4701
-10.5024
-10.4701
-10.4953
-10.4799
-10.4984
-10.4617
-10.4984
-10.4701
-10.3085
-10.4687
-10.4893
-10.5243
-10.4865
-10.4734
-10.4622
-10.5485
-10.4783
-10.4622
-10.4475
-10.4873
-10.5201
-10.4617
-10.4734
-10.4622
-10.4873
-10.5039
-10.4695
-10.4893
-10.4734
-10.468
-10.4592
-10.5472
-10.4579
-10.497
-10.4622
-10.4617
-10.7835
-10.4622
-10.497
-10.4873
-10.4984
-10.4656
-10.4154
-10.4905
-10.4865

