-10.9851
-10.4863
-10.5247
-10.4865
-10.4984
-10.4865
-10.5234
-10.4622
-10.4571
-10.5933
-10.4326
-10.4964
-10.4687
-10.4328
-10.4622
-10.5201
-10.4617
-10.4865
-10.4579
-10.4617
-10.4701
-10.5201
-10.4617
-10.5348
-10.4701
-10.4687
-10.4873
-10.4622
-10.5527
-10.4622
-10.4717
-10.5024
-10.4405
-10.4617
-10.4622
-10.4713
-10.4617
-10.4656
-10.4306
-10.5234
-10.6005
-10.4865
-10.488
-10.5375
-10.4865
-10.4865
-10.5267
-10.4984
-10.4865
-10.4579
-10.4656
-10.3961
-10.5267
-10.3502
-10.4656
-10.5527
-10.4984
-10.4875
-10.544
-10.4701
-10.4865
-10.4942
-10.4396
-10.4622
-10.5319
-10.5322
-10.4953
-10.4687
-10.4393
-10.4601
-10.4865
-10.4953
-10.4352
-10.4622
-10.4734
-10.4499
-10.4893
-10.4579
-10.4296
-10.4865
-10.4717
-10.4579
-10.4865
-10.4592
-10.3773
-10.4866
-10.4428
-10.4734
-10.4873
-10.5247
-10.4617
-10.36
-10.5659
-10.4607
-10.5809
-10.5643
-10.4987
-10.4617
-10.5229
-10.497

