-10.4984
-10.4893
-10.5659
-10.5112
-10.5403
-10.5039
-10.4622
-10.4953
-10.4617
-12.5151
-10.4873
-10.4396
-10.4113
-10.4984
-10.4865
-10.4984
-10.5239
-10.5481
-10.4622
-10.5403
-10.4953
-10.4865
-10.4154
-10.4656
-10.4214
-10.4617
-10.4587
-10.4984
-10.4984
-10.4617
-10.482
-10.466
-10.4622
-10.4617
-10.4722
-10.5093
-10.4905
-10.4984
-10.4695
-10.486
-10.4893
-10.4905
-10.4873
-10.4734
-10.5112
-10.4953
-10.4865
-10.4903
-10.4069
-10.4953
-10.5319
-10.5169
-10.4873
-10.4601
-10.5169
-10.4783
-10.4865
-10.4984
-10.3969
-10.4865
-10.4675
-10.4154
-10.5039
-10.4587
-10.4687
-10.4865
-10.4846
-10.4984
-10.4953
-10.5247
-10.4984
-10.4865
-10.5237
-10.5229
-10.4617
-10.6693
-10.4734
-10.4687
-10.4352
-10.5201
-10.462
-10.5347
-10.5205
-10.4873
-10.6395
-10.4905
-10.5247
-10.5034
-10.4326
-10.4865
-10.4783
-10.4984
-10.4656
-10.5818
-10.5257
-10.4969
-10.4654
-10.4587
-10.4865
-10.488

