-10.3336
-10.4734
-10.4865
-10.4428
-10.4953
-10.4865
-10.4865
-10.5049
-10.3051
-10.4866
-10.4254
-10.4953
-10.488
-10.3969
-10.463
-10.4687
-10.5201
-10.4865
-10.4601
-10.4713
-10.4903
-10.4622
-10.4984
-10.5224
-10.5169
-10.4865
-10.4984
-10.4454
-10.4701
-10.6042
-10.4352
-10.4865
-10.4575
-10.4893
-10.4622
-10.4744
-10.487
-10.5608
-10.6434
-10.4622
-9.91496
-10.4799
-10.4393
-10.4921
-10.4984
-10.4992
-10.4154
-10.4905
-10.5172
-10.4197
-10.4734
-10.49
-10.4905
-10.559
-10.4617
-10.473
-10.4617
-10.5239
-10.4687
-10.4656
-10.4734
-10.4622
-10.5319
-10.4617
-10.3973
-10.4622
-10.4393
-10.4984
-10.5201
-10.5944
-10.4326
-10.4622
-10.4701
-10.3503
-10.5319
-10.4893
-10.497
-10.4701
-10.4601
-10.4617
-10.4622
-10.4617
-10.4984
-10.4939
-10.4865
-10.4656
-10.4713
-10.4984
-10.5481
-10.4617
-10.4984
-10.466
-10.562
-10.4865
-10.4984
-10.4984
-10.4893
-10.4873
-10.5319
-10.4579

