-10.4873
-10.4746
-10.4865
-10.4893
-10.4701
-10.4656
-10.4701
-10.4984
-10.5237
-10.4953
-10.5348
-10.5169
-10.4656
-10.4905
-10.466
-10.5205
-10.5237
-10.4622
-10.4873
-10.5397
-10.4617
-10.4606
-10.4893
-10.5319
-10.4617
-10.4865
-10.4617
-10.5488
-10.4873
-10.4631
-11.1168
-10.5205
-10.4905
-10.502
-10.5237
-10.4846
-10.4605
-10.4984
-10.4701
-10.4617
-10.4777
-10.4601
-10.4834
-10.4617
-10.4554
-10.4326
-10.4865
-10.5818
-10.5217
-10.4617
-10.4622
-10.4953
-10.4905
-10.4893
-10.4846
-10.4733
-10.4326
-10.4617
-10.497
-10.5112
-10.4713
-10.4278
-10.4865
-10.497
-10.4893
-10.4783
-10.4622
-10.4984
-10.4701
-10.4984
-10.5096
-10.4865
-10.4953
-10.8101
-10.4617
-10.4533
-10.4601
-10.4601
-10.4709
-10.4865
-10.5024
-10.4617
-10.4865
-10.4506
-10.5049
-10.4984
-10.4428
-10.4984
-10.4905
-10.4893
-10.4564
-10.8844
-10.4865
-10.593
-10.4873
-10.4383
-10.5205
-10.4953
-10.4601
-10.4701

