-10.4396
-10.4326
-10.4984
-10.4863
-10.4571
-10.4656
-10.4617
-10.4942
-10.4601
-10.4873
-10.4396
-10.4361
-10.4564
-10.4873
-10.4984
-10.4796
-10.4393
-10.5008
-10.4601
-10.4701
-10.5527
-10.4717
-10.4617
-10.4622
-10.4617
-10.4622
-10.4656
-10.4154
-10.5314
-10.4617
-10.4424
-10.4846
-10.4984
-10.4744
-10.4783
-10.4953
-10.4865
-10.4675
-10.4799
-10.4734
-10.4865
-10.4939
-10.4984
-10.4579
-10.4622
-10.4984
-10.4974
-10.4524
-10.4622
-10.4688
-10.4974
-10.4328
-10.5484
-10.4598
-10.6183
-10.4905
-10.4893
-10.4155
-10.4984
-10.4513
-10.5615
-10.4865
-10.4951
-10.4865
-10.4799
-10.4865
-10.4953
-10.494
-10.4667
-10.4617
-10.4717
-10.4984
-10.4984
-10.5282
-10.5112
-10.4783
-10.5201
-10.5201
-10.4905
-10.4865
-10.4865
-10.4953
-10.4893
-10.3913
-10.4865
-10.4622
-10.4622
-10.4579
-10.4953
-10.4905
-10.2679
-10.4984
-10.5782
-10.4617
-10.5247
-10.5234
-10.4675
-10.4893
-10.5243
-10.5352

