-10.4865
-10.482
-10.4893
-10.4865
-10.4622
-10.5319
-10.4579
-10.4617
-10.5109
-10.3931
-10.4622
-10.4893
-10.4953
-10.4562
-11.0226
-10.4393
-10.4783
-10.4865
-10.4598
-10.2377
-10.4393
-10.5257
-10.4701
-10.4617
-10.4617
-10.4904
-10.6099
-10.5321
-10.5484
-10.4622
-10.4499
-10.5177
-10.4601
-10.5127
-10.4701
-10.4622
-10.4701
-10.4622
-10.4393
-10.4684
-10.4656
-10.4396
-10.4865
-10.497
-10.4734
-10.4587
-10.4905
-10.502
-10.4953
-10.4873
-10.3563
-10.4701
-10.3877
-10.5109
-10.5142
-10.4579
-10.548
-10.4622
-10.5274
-10.4799
-10.4602
-10.4617
-10.4964
-10.4903
-10.5159
-10.4901
-10.4873
-10.4905
-10.4326
-10.5901
-10.4734
-10.5109
-10.4393
-10.4734
-10.5348
-10.2631
-10.6666
-10.4865
-10.408
-10.4984
-10.4326
-10.502
-10.4777
-10.4873
-10.5093
-10.6303
-10.5234
-10.559
-10.5267
-10.4622
-10.4307
-10.4622
-10.4701
-10.4865
-10.4701
-10.4734
-10.4601
-10.5247
-10.2627
-10.4984

