-10.5229
-10.4601
-10.4803
-10.4865
-10.5022
-10.4873
-10.4601
-10.5659
-10.4622
-10.5322
-10.562
-10.3961
-10.4865
-10.5257
-10.4953
-10.497
-10.4538
-10.4598
-10.4953
-10.4984
-10.3104
-10.5102
-10.4905
-10.4873
-10.4607
-10.5262
-10.4953
-10.4984
-10.4953
-10.5237
-10.4953
-10.462
-10.4687
-10.4601
-10.5714
-10.2449
-10.5624
-10.497
-10.4905
-10.4485
-10.4601
-10.4974
-10.497
-10.4865
-10.4873
-10.3913
-10.6077
-10.4865
-10.4905
-10.4601
-10.4617
-10.4893
-10.4587
-10.3773
-10.4734
-10.4631
-10.4564
-10.4701
-10.4383
-10.5314
-10.4873
-10.4905
-10.4617
-10.4068
-10.5818
-10.5205
-10.4601
-10.4846
-10.4696
-10.4873
-10.4587
-10.4781
-10.5096
-10.5472
-10.559
-10.4622
-10.5247
-10.4383
-10.4617
-10.4734
-10.4865
-10.4622
-10.4953
-10.4622
-10.4617
-10.5243
-10.4622
-10.4746
-10.4701
-10.4865
-10.4953
-10.4717
-10.4601
-10.4984
-10.4905
-10.4865
-10.4317
-10.4984
-10.3944
-10.4622

