-10.4622
-10.4893
-11.049
-10.4383
-10.5818
-10.5049
-10.4734
-10.4865
-10.4197
-10.4622
-10.4687
-10.4964
-10.4601
-10.5403
-10.4617
-10.4709
-10.4622
-10.4687
-10.4865
-10.4656
-10.5319
-10.4571
-10.4734
-10.4734
-10.5024
-10.462
-10.4865
-10.4656
-10.5527
-10.4622
-10.5393
-10.5247
-10.5234
-10.4984
-10.497
-10.3503
-10.4622
-10.4579
-10.4984
-10.4622
-10.4601
-10.4701
-10.4734
-10.4834
-10.5234
-10.4953
-10.4687
-10.4734
-10.4734
-10.4622
-10.4601
-10.4865
-10.5234
-10.5435
-10.4701
-10.4984
-10.3944
-10.4717
-10.4476
-10.5169
-10.5266
-10.4622
-10.8045
-10.4939
-10.4617
-10.4622
-10.4617
-10.4579
-10.4601
-10.5201
-10.5127
-10.5112
-10.5498
-10.4622
-10.4617
-10.4383
-10.4701
-10.4717
-10.4393
-10.5996
-10.4984
-10.4873
-10.468
-10.3533
-10.4617
-10.5569
-10.5112
-10.5322
-10.4393
-10.4617
-10.4665
-10.4622
-10.4396
-10.4953
-10.4617
-10.4701
-10.4687
-10.4984
-10.4865
-10.4601

