-10.4984
-10.4865
-10.4538
-10.4675
-10.4984
-10.5242
-10.4734
-10.4865
-10.5229
-10.4984
-10.4709
-10.534
-10.4984
-10.4865
-10.4622
-10.4601
-10.5527
-10.4622
-10.4396
-10.4984
-10.4734
-10.4984
-10.4865
-10.4687
-10.4622
-10.4799
-10.4154
-10.4865
-10.4984
-10.5319
-10.5237
-10.4984
-10.5093
-10.466
-10.5397
-10.4617
-10.5247
-10.4905
-10.4953
-10.4622
-10.4893
-10.4865
-10.454
-10.4499
-10.4197
-10.5257
-10.5049
-10.4701
-10.4701
-10.4197
-10.4475
-10.4865
-10.4984
-10.4953
-10.4617
-10.4631
-10.4579
-10.5112
-10.4953
-10.4656
-10.4617
-10.6079
-10.497
-10.5257
-10.4687
-10.4796
-10.4622
-10.5963
-10.4893
-10.4622
-10.4905
-10.4328
-10.5041
-10.5615
-10.4717
-10.4733
-10.4454
-10.4352
-10.4631
-10.4617
-10.5243
-10.4984
-10.466
-10.4734
-10.9069
-10.4964
-10.4865
-10.4571
-10.5995
-10.4622
-10.4622
-10.4601
-10.4953
-10.5267
-10.559
-10.4893
-10.4601
-10.4197
-10.4393
-10.4984

