-10.4617
-10.468
-10.4485
-10.5039
-10.4622
-10.4687
-10.462
-10.4865
-10.4799
-10.3518
-10.4865
-10.4733
-10.4865
-10.4675
-10.4622
-10.4384
-10.4984
-10.5234
-10.4622
-10.5527
-10.4622
-10.4873
-10.4601
-10.5237
-10.4984
-10.4485
-10.4622
-10.6961
-10.4865
-10.468
-10.5234
-10.4617
-10.5237
-10.4622
-10.4622
-10.5319
-10.4617
-10.5608
-10.5818
-10.4601
-10.5322
-10.4656
-10.4846
-10.5257
-10.4865
-10.559
-10.4873
-10.4992
-10.5485
-10.5058
-10.4865
-10.4622
-10.4622
-10.4396
-10.4065
-10.4893
-10.4197
-10.4984
-10.4734
-10.454
-10.4893
-10.4197
-10.4734
-10.4893
-10.4405
-10.5244
-10.4865
-10.4893
-10.4984
-10.4536
-10.4617
-10.497
-10.486
-10.4393
-10.5569
-10.5229
-10.4695
-10.4656
-10.5472
-10.4984
-10.4953
-10.4197
-10.4562
-10.4617
-10.4254
-10.482
-10.548
-10.4622
-10.4984
-10.4622
-10.5234
-10.4393
-10.4713
-10.4717
-10.4656
-10.4622
-10.4656
-10.4905
-10.4656
-10.4475

