-10.4326
-10.4695
-10.4617
-10.4905
-10.502
-10.5234
-10.5234
-10.468
-10.4984
-10.4893
-10.4865
-10.4328
-10.5612
-10.4601
-10.4984
-10.5266
-10.4984
-10.4622
-10.5933
-10.4713
-10.4865
-10.4953
-10.4393
-10.5205
-10.488
-10.4601
-10.502
-10.4622
-10.4984
-10.5234
-10.4701
-10.4601
-10.4617
-10.4687
-10.4984
-10.4953
-10.4617
-10.4865
-10.5205
-10.5267
-10.4873
-10.4905
-10.4865
-10.5485
-10.4984
-10.4893
-10.4734
-10.4953
-10.4579
-10.4734
-10.4326
-10.4783
-10.4631
-10.4974
-10.4893
-10.4899
-10.4396
-10.4701
-10.5205
-10.5049
-10.5143
-10.5479
-10.5485
-10.4579
-10.4865
-10.4701
-10.5229
-10.4865
-10.5217
-10.4476
-10.4687
-10.4865
-10.5462
-10.4622
-10.4523
-10.4865
-10.4938
-10.4065
-10.4978
-10.4405
-10.4701
-10.4797
-10.4622
-10.4905
-10.4328
-10.4622
-10.4687
-10.4617
-10.4605
-10.4622
-10.4197
-10.5234
-10.4953
-10.4665
-10.4865
-10.4687
-10.497
-10.4984
-10.4326
-10.4326

