-10.5021
-10.4617
-10.5109
-10.4953
-10.4687
-10.3942
-10.4873
-10.4622
-10.4865
-10.4687
-10.6079
-10.4533
-10.4865
-10.4783
-10.4873
-10.4984
-10.4562
-10.5022
-10.468
-10.4197
-10.4734
-10.4405
-10.4701
-10.5912
-10.5142
-10.4701
-10.6042
-10.4893
-10.4622
-10.4984
-10.4865
-10.4328
-10.4556
-10.5205
-10.4701
-8.85037
-10.4727
-10.4964
-10.4155
-10.4617
-10.4622
-10.4727
-10.4843
-10.5229
-10.7482
-10.4622
-10.4199
-10.4617
-10.4396
-10.4326
-10.4687
-10.4984
-10.4622
-10.502
-10.4622
-10.5093
-10.3563
-10.5247
-10.4617
-10.4393
-10.4622
-10.4601
-10.4873
-10.4984
-10.4499
-10.4984
-10.4622
-10.5728
-10.4068
-10.4734
-10.5024
-10.5041
-10.4964
-10.4984
-10.468
-10.4893
-10.4734
-10.5728
-10.4777
-10.4617
-10.4475
-10.4396
-10.4865
-10.4713
-10.4617
-10.5733
-10.473
-12.1273
-10.4964
-10.4984
-10.4622
-10.462
-10.4675
-10.497
-10.4296
-10.4197
-10.4984
-10.4893
-10.4846
-10.4905

