-10.4154
-10.4783
-10.4905
-10.4865
-10.4687
-10.4865
-10.5112
-10.4984
-10.5319
-10.4905
-10.4617
-10.4984
-10.5205
-10.5229
-10.4068
-10.3969
-10.6346
-10.4154
-10.4361
-10.466
-10.4602
-10.2763
-10.4865
-10.4928
-10.4601
-10.4601
-10.4701
-10.4984
-10.4454
-10.4622
-10.4562
-11.0762
-10.4734
-10.4873
-10.4622
-10.4992
-10.6395
-10.4622
-10.4383
-10.4617
-10.5039
-10.497
-10.4328
-10.4579
-10.4964
-10.4622
-10.4984
-10.4601
-10.5774
-10.4428
-10.4593
-10.4579
-10.562
-10.4687
-10.5234
-10.4617
-10.5239
-10.4984
-10.4687
-10.4622
-10.4687
-10.5795
-10.4326
-10.5237
-10.4622
-10.562
-10.4675
-10.4777
-10.4865
-10.5408
-10.5346
-10.502
-10.5322
-10.4469
-10.5143
-10.5615
-10.4326
-10.4734
-10.4622
-10.3913
-10.4865
-10.4893
-10.4984
-10.4396
-10.4065
-10.4571
-10.4687
-10.4734
-10.4953
-10.4865
-10.4701
-10.4328
-10.4601
-10.4984
-10.559
-10.4865
-10.5257
-10.5112
-10.4865
-10.5244

