-10.4071
-10.497
-10.5234
-10.4485
-10.4865
-10.4846
-10.4617
-10.4656
-10.3961
-10.6316
-10.4984
-10.4865
-10.4984
-10.5237
-10.4622
-10.4396
-10.4865
-10.4617
-10.5205
-10.4667
-10.4846
-10.4984
-10.4865
-10.468
-10.562
-11.1265
-10.5247
-10.3465
-10.4964
-10.5243
-10.5039
-10.4622
-10.4622
-10.4622
-10.4701
-10.4865
-10.4622
-10.4617
-10.4865
-10.4393
-10.4687
-10.4622
-10.5903
-10.5662
-10.5963
-10.4687
-10.4478
-10.3925
-10.4617
-10.4873
-10.4984
-10.5234
-10.4783
-10.488
-10.4865
-10.4601
-10.4656
-10.6079
-10.5239
-10.4984
-10.4622
-10.4622
-10.4865
-10.4696
-9.92963
-10.3085
-10.4984
-10.4944
-10.4992
-10.5403
-10.4579
-10.4469
-10.4717
-10.4905
-10.4687
-10.4734
-10.5226
-10.4734
-10.4984
-8.87319
-10.4917
-10.4846
-10.5319
-10.5201
-10.5258
-10.4984
-10.4538
-10.4964
-10.4687
-10.4656
-10.5229
-10.4622
-10.4984
-10.4069
-10.5239
-10.376
-10.4701
-10.4984
-10.5229
-10.4701

