-10.562
-10.4865
-10.502
-10.462
-10.4865
-10.5319
-10.4617
-10.4622
-10.4701
-10.4865
-10.4865
-10.5022
-10.4233
-10.4905
-10.6637
-10.9851
-10.4533
-10.4865
-10.4031
-10.4687
-10.4554
-10.4622
-10.4865
-10.4984
-10.5022
-10.5112
-10.4873
-10.4154
-10.4617
-10.4622
-10.4396
-10.4984
-10.4873
-10.5612
-10.4734
-10.6003
-10.4905
-10.4846
-10.4587
-10.4396
-10.4622
-10.4905
-10.4622
-10.4947
-10.4701
-10.4296
-10.4873
-10.4734
-10.5472
-10.4617
-10.4734
-10.4865
-10.5112
-10.4617
-10.498
-10.4865
-10.4622
-10.4701
-10.4905
-10.4733
-10.4873
-10.4393
-10.4687
-10.4873
-10.5022
-10.468
-10.4865
-10.4154
-10.4709
-10.4601
-10.4214
-10.5818
-10.5039
-10.4865
-10.4865
-10.4873
-10.4783
-10.4865
-10.4786
-10.4873
-10.4984
-10.4579
-10.5257
-10.4601
-10.4687
-10.4893
-10.4865
-10.4701
-10.4865
-10.4687
-10.4865
-10.4617
-10.4865
-10.4695
-10.4717
-10.4893
-10.4622
-10.4617
-10.5378
-10.4953

