-8.94441
-8.94441
-8.94441
-8.94441
-8.94441
-8.94442
-8.94441
-8.94441
-8.94441
-8.94441
-8.94441
-8.94441
-8.94441
-8.94441
-8.94441
-8.94441
-8.94441
-8.94441
-8.94441
-8.94441
-8.94441
-8.94441
-8.94441
-8.94439
-8.94441
-8.94441
-8.94441
-8.94441
-8.94441
-8.94441
-8.94441
-8.94441
-8.94441
-8.94441
-8.94441
-8.94441
-8.94442
-8.94441
-8.94441
-8.94441
-8.94442
-8.94441
-8.94441
-8.94441
-8.94441
-8.94441
-8.94441
-8.94441
-8.94441
-8.94441
-8.94441
-8.94441
-8.94441
-8.94441
-8.94441
-8.94441
-8.94441
-8.94441
-8.94441
-8.94441
-8.94441
-8.94441
-8.94441
-8.94441
-8.94441
-8.94441
-8.94441
-8.94441
-8.94441
-8.94441
-8.94441
-8.94441
-8.94441
-8.94441
-8.94441
-8.94441
-8.94441
-8.94441
-8.94441
-8.94441
-8.94441
-8.94441
-8.94443
-8.94442
-8.94441
-8.94441
-8.94441
-8.94441
-8.94441
-8.94442
-8.94441
-8.94441
-8.94441
-8.94441
-8.94442
-8.94441
-8.94441
-8.94441
-8.94441
-8.94441

