-8.94441
-8.94441
-8.94441
-8.9444
-8.94441
-8.94441
-8.94441
-8.94441
-8.94441
-8.94441
-8.94441
-8.94441
-8.94441
-8.94441
-8.94441
-8.94441
-8.94441
-8.94441
-8.94441
-8.94441
-8.94441
-8.94441
-8.94441
-8.94441
-8.94441
-8.94441
-8.94442
-8.94441
-8.94441
-8.94441
-8.94441
-8.94441
-8.94441
-8.9444
-8.9444
-8.94441
-8.94441
-8.94441
-8.94441
-8.94441
-8.94441
-8.94441
-8.94441
-8.94441
-8.94441
-8.94441
-8.94441
-8.94441
-8.94441
-8.94441
-8.94441
-8.94441
-8.94441
-8.94442
-8.94441
-8.94441
-8.94441
-8.94441
-8.94441
-8.94441
-8.94441
-8.94441
-8.94441
-8.94441
-8.94441
-8.94441
-8.94441
-8.94441
-8.94441
-8.94441
-8.94441
-8.94441
-8.94441
-8.94441
-8.94441
-8.94441
-8.94441
-8.94441
-8.94441
-8.94441
-8.94441
-9.12757
-8.94441
-8.94441
-8.94441
-8.94441
-8.94441
-8.94441
-8.94441
-8.94441
-8.94441
-8.94441
-8.94441
-8.9444
-8.94441
-8.94441
-8.94441
-8.94441
-8.94441
-8.94441

