-8.94441
-8.94441
-8.94441
-8.94441
-8.94441
-8.94441
-8.94441
-8.94441
-8.94441
-8.94441
-8.94441
-8.94441
-8.94441
-8.94441
-8.94441
-8.94441
-8.94441
-8.94441
-8.94441
-8.94441
-8.94441
-8.94441
-8.94442
-8.94441
-8.94441
-8.94441
-8.94441
-8.94441
-8.94439
-8.94441
-8.94441
-8.94441
-8.94441
-8.94441
-8.94441
-8.94441
-8.94441
-8.94441
-8.94441
-8.94441
-8.94441
-8.9444
-8.94441
-8.94441
-8.94442
-8.94441
-8.94441
-8.94441
-8.94442
-8.94441
-8.94441
-8.94441
-8.94441
-8.94441
-8.94441
-8.94441
-8.94441
-8.94442
-8.94441
-8.94441
-8.94441
-8.94441
-8.94441
-8.94441
-8.94442
-8.94441
-8.94441
-8.94441
-8.94441
-8.94441
-8.94441
-8.94441
-8.94441
-8.94441
-8.94441
-8.94441
-8.94441
-8.94442
-8.94441
-8.94441
-8.94441
-8.94441
-8.94441
-8.94441
-8.94441
-8.94441
-8.94441
-8.94441
-8.94441
-8.94441
-8.94441
-8.94441
-8.94441
-8.94441
-8.94441
-8.94441
-8.94441
-8.94441
-8.94441
-8.94441

