-8.17433
-8.17165
-8.17194
-8.17108
-8.17684
-8.16716
-8.17308
-8.16984
-8.1724
-8.17033
-8.17306
-8.1707
-8.17345
-8.17229
-8.17493
-8.17259
-8.17177
-8.16534
-8.17223
-8.17534
-8.16514
-8.17177
-8.17066
-8.17305
-8.17108
-8.17023
-8.17159
-8.17478
-8.1741
-8.11147
-8.17162
-8.17166
-8.17241
-8.17687
-8.16833
-8.17469
-8.17283
-8.16635
-8.17297
-8.16867
-8.17047
-8.1733
-8.17251
-8.17128
-8.17065
-8.17108
-8.17431
-8.17719
-8.17084
-8.15814
-8.17163
-8.17034
-8.17134
-8.17005
-8.17484
-8.17481
-8.17468
-8.17159
-8.17103
-8.17229
-8.17023
-8.16925
-8.17059
-8.17678
-8.17071
-8.17455
-8.17182
-8.1731
-8.17128
-8.17461
-8.11523
-8.17166
-8.17037
-8.17292
-8.16992
-8.17108
-8.1715
-8.17055
-8.17303
-8.17507
-8.17087
-8.17632
-8.17455
-8.15996
-8.17266
-8.1715
-8.1736
-8.17345
-8.17406
-8.17165
-8.17159
-8.16889
-8.17304
-8.18599
-8.17182
-8.17223
-8.17339
-8.17647
-8.17159
-8.17306

