-8.17304
-8.1756
-8.17599
-8.22778
-8.1711
-8.17263
-8.17133
-8.16989
-8.16881
-8.17103
-8.18263
-8.17182
-8.16927
-8.17529
-8.1721
-8.17009
-8.16903
-8.17104
-8.17458
-8.17563
-8.16919
-8.17274
-8.17599
-8.17166
-8.17289
-8.17104
-8.17113
-8.1725
-8.17178
-8.17303
-8.17177
-8.17276
-8.17184
-8.16645
-8.17109
-8.17304
-8.17196
-8.17034
-8.1691
-8.16833
-8.1718
-8.17077
-8.17348
-8.17188
-8.17161
-8.17431
-8.17148
-8.17108
-8.1658
-8.1718
-8.17091
-8.17077
-8.1698
-8.17099
-8.17259
-8.17231
-8.17264
-8.17108
-8.17162
-8.1732
-8.17465
-8.1691
-8.17422
-8.17254
-8.17264
-8.17411
-8.17276
-8.16978
-8.16923
-8.17171
-8.17089
-8.16703
-8.17704
-8.17159
-8.17339
-8.17099
-8.17468
-8.16987
-8.1713
-8.17345
-8.17127
-8.17165
-8.17348
-8.17404
-8.17304
-8.16867
-8.17156
-8.17188
-8.17469
-8.17647
-8.17134
-8.17113
-8.16544
-8.16991
-8.16802
-8.17159
-8.17264
-8.17169
-8.17292
-8.17412

