-8.17277
-8.17346
-8.17242
-8.17249
-8.17292
-8.1706
-8.17115
-8.17433
-8.17177
-8.17161
-8.17163
-8.16881
-8.17309
-8.17417
-8.16718
-8.17153
-8.1724
-8.17422
-8.17127
-8.17264
-8.17345
-8.17251
-8.17162
-8.17647
-8.1706
-8.17022
-8.17375
-8.17028
-8.17675
-8.17073
-8.17283
-8.17089
-8.17274
-8.17115
-8.17175
-8.17206
-8.17006
-8.17346
-8.17302
-8.17166
-8.17178
-8.17178
-8.16646
-8.17548
-8.17162
-8.17023
-8.17178
-8.17259
-8.17166
-8.17478
-8.17249
-8.17346
-8.17215
-8.17229
-8.17261
-8.17308
-8.16991
-8.17182
-8.17469
-8.17526
-8.16639
-8.17178
-8.17184
-8.17406
-8.17166
-8.17037
-8.17193
-8.17159
-8.1715
-8.17276
-8.17317
-8.17099
-8.18503
-8.17007
-8.17469
-8.17114
-8.17023
-8.17172
-8.16889
-8.17308
-8.17151
-8.17251
-8.17127
-8.16972
-8.17162
-8.17289
-8.18006
-8.17481
-8.17478
-8.17529
-8.17215
-8.17174
-8.17177
-8.17433
-8.17493
-8.17177
-8.1671
-8.17484
-8.16991
-8.17475

