-8.17277
-8.17259
-8.17177
-8.17446
-8.17037
-8.17363
-8.17216
-8.17165
-8.172
-8.17422
-8.17289
-8.17108
-8.17156
-8.16414
-8.17128
-8.17125
-8.17083
-8.17188
-8.17187
-8.17007
-8.16828
-8.17426
-8.17332
-8.17259
-8.17241
-8.17161
-8.17133
-8.17178
-8.17537
-8.1706
-8.17091
-8.17308
-8.17162
-8.168
-8.17115
-8.17161
-8.17324
-8.16951
-8.17308
-8.17599
-8.1739
-8.17142
-8.17296
-8.17166
-8.17237
-8.17237
-8.17303
-8.17294
-8.17023
-8.17023
-8.17251
-8.17156
-8.17165
-8.17156
-8.17441
-8.17346
-8.17231
-8.1698
-8.17534
-8.16992
-8.17455
-8.16986
-8.16186
-8.17468
-8.1731
-8.16895
-8.17099
-8.17264
-8.1691
-8.17156
-8.17174
-8.17156
-8.17325
-8.16281
-8.17133
-8.18089
-8.17165
-8.17115
-8.1706
-8.17169
-8.17346
-8.17159
-8.17091
-8.17251
-8.1704
-8.17257
-8.17055
-8.17099
-8.17249
-8.17162
-8.17194
-8.17237
-8.17468
-8.17308
-8.1686
-8.18273
-8.17255
-8.18293
-8.17422
-8.17165

