-8.17194
-8.17417
-8.17429
-8.17178
-8.17089
-8.17178
-8.17142
-8.16877
-8.16991
-8.17516
-8.21263
-8.17275
-8.16973
-8.17131
-8.17159
-8.1705
-8.17472
-8.16953
-8.17156
-8.1731
-8.17188
-8.17159
-8.17345
-8.17197
-8.17347
-8.17572
-8.17229
-8.17033
-8.17115
-8.17296
-8.17433
-8.17516
-8.17121
-8.17665
-8.17255
-8.17308
-8.17429
-8.17019
-8.17216
-8.17084
-8.17421
-8.16717
-8.17422
-8.17169
-8.17529
-8.1736
-8.17105
-8.16959
-8.17582
-8.16972
-8.17165
-8.17223
-8.17156
-8.17267
-8.167
-8.17507
-8.17283
-8.17124
-8.17174
-8.17087
-8.1725
-8.17169
-8.17103
-8.17037
-8.1725
-8.17137
-8.17407
-8.1705
-8.17062
-8.17159
-8.17103
-8.17087
-8.17457
-8.17275
-8.17062
-8.17193
-8.1732
-8.17055
-8.17308
-8.17066
-8.16987
-8.17364
-8.17042
-8.16895
-8.17178
-8.1711
-8.17294
-8.17161
-8.17194
-8.17216
-8.17246
-8.17308
-8.17216
-8.17188
-8.17231
-8.167
-8.17594
-8.16952
-8.1741
-8.17375

