-8.17172
-8.17251
-8.17127
-8.17023
-8.17542
-8.16938
-8.17216
-8.16886
-8.17165
-8.17156
-8.17115
-8.16989
-8.17263
-8.17073
-8.1721
-8.17174
-8.17101
-8.17197
-8.17356
-8.17057
-8.1732
-8.17773
-8.17242
-8.17308
-8.17166
-8.16929
-8.17108
-8.17137
-8.17456
-8.17455
-8.17472
-8.17474
-8.16984
-8.17805
-8.1725
-8.17156
-8.17057
-8.16886
-8.16453
-8.17275
-8.17283
-8.17002
-8.1724
-8.17087
-8.16925
-8.17209
-8.17055
-8.16752
-8.16973
-8.17809
-8.17304
-8.17303
-8.17188
-8.16613
-8.17086
-8.17433
-8.17475
-8.17283
-8.17472
-8.1711
-8.17249
-8.17037
-8.17306
-8.17151
-8.17242
-8.17276
-8.17073
-8.1751
-8.17457
-8.17115
-8.172
-8.16946
-8.17137
-8.1739
-8.16991
-8.16209
-8.1721
-8.17247
-8.17169
-8.17237
-8.17194
-8.17166
-8.17498
-8.17455
-8.17182
-8.1698
-8.17594
-8.1711
-8.17077
-8.16877
-8.17594
-8.17472
-8.17084
-8.17162
-8.17178
-8.17159
-8.17297
-8.17308
-8.17055
-8.1732

