-8.17108
-8.16604
-8.17021
-8.17317
-8.16881
-8.17279
-8.16925
-8.17443
-8.17411
-8.17084
-8.17328
-8.17148
-8.17133
-8.1711
-8.17069
-8.17124
-8.17037
-8.17294
-8.17023
-8.17266
-8.17065
-8.16862
-8.17297
-8.17426
-8.17163
-8.17269
-8.17108
-8.17194
-8.17159
-8.17244
-8.17148
-8.17127
-8.17161
-8.17309
-8.17422
-8.17188
-8.17223
-8.17063
-8.17757
-8.17197
-8.16664
-8.1705
-8.17077
-8.16923
-8.16986
-8.17101
-8.17363
-8.17156
-8.17009
-8.17159
-8.17007
-8.17516
-8.16931
-8.16942
-8.1686
-8.18009
-8.16927
-8.17249
-8.17159
-8.16225
-8.17196
-8.17548
-8.1721
-8.17159
-8.17115
-8.16972
-8.17169
-8.17426
-8.17433
-8.17484
-8.17159
-8.1741
-8.17166
-8.17233
-8.17317
-8.17239
-8.1724
-8.17308
-8.17069
-8.16927
-8.18006
-8.16972
-8.17569
-8.17304
-8.17236
-8.1718
-8.17481
-8.16935
-8.17165
-8.17134
-8.17345
-8.17246
-8.17274
-8.16704
-8.17156
-8.17177
-8.17023
-8.17023
-8.17243
-8.17304

