-8.17243
-8.17182
-8.17324
-8.1713
-8.17344
-8.17263
-8.16717
-8.17161
-8.17188
-8.17474
-8.17188
-8.16721
-8.17175
-8.16586
-8.16716
-8.17188
-8.17421
-8.17161
-8.17347
-8.1705
-8.1736
-8.1731
-8.17166
-8.17563
-8.17215
-8.17022
-8.17021
-8.17023
-8.1731
-8.17188
-8.17137
-8.17073
-8.16594
-8.17266
-8.1705
-8.17255
-8.1732
-8.1715
-8.1724
-8.1725
-8.17137
-8.17162
-8.17169
-8.17087
-8.17594
-8.17599
-8.17182
-8.17172
-8.17182
-8.17243
-8.17325
-8.16514
-8.17115
-8.17115
-8.17255
-8.17239
-8.17592
-8.1706
-8.16127
-8.17166
-8.17223
-8.17302
-8.16889
-8.17156
-8.16833
-8.17364
-8.17363
-8.17308
-8.1721
-8.17023
-8.17261
-8.17468
-8.1698
-8.17255
-8.16634
-8.16925
-8.17255
-8.17166
-8.17159
-8.17491
-8.17103
-8.17163
-8.17127
-8.17194
-8.17174
-8.17346
-8.17216
-8.17092
-8.17332
-8.1706
-8.17372
-8.17037
-8.1715
-8.17274
-8.17231
-8.17276
-8.17283
-8.17166
-8.17166
-8.17021

