-8.17178
-8.17084
-8.17023
-8.17023
-8.17023
-8.17308
-8.17286
-8.17157
-8.17062
-8.17277
-8.17187
-8.16928
-8.17308
-8.16992
-8.16991
-8.17197
-8.17103
-8.17411
-8.17084
-8.17433
-8.17469
-8.1724
-8.16925
-8.17099
-8.1705
-8.20169
-8.1731
-8.17157
-8.17454
-8.17308
-8.17294
-8.17472
-8.17548
-8.16925
-8.17603
-8.16931
-8.16639
-8.17276
-8.17178
-8.1711
-8.17096
-8.17083
-8.17549
-8.17099
-8.17277
-8.17197
-8.17194
-8.16804
-8.17422
-8.1698
-8.17084
-8.17678
-8.16534
-8.17259
-8.17066
-8.17066
-8.17099
-8.1731
-8.17223
-8.16965
-8.17159
-8.17292
-8.16934
-8.1706
-8.17372
-8.1715
-8.17433
-8.17157
-8.17323
-8.17121
-8.17276
-8.17128
-8.17414
-8.17169
-8.17456
-8.17472
-8.17579
-8.17365
-8.17167
-8.16973
-8.17104
-8.17458
-8.16946
-8.16514
-8.17594
-8.17274
-8.17311
-8.17433
-8.17258
-8.17057
-8.17121
-8.17178
-8.16992
-8.17303
-8.17163
-8.17526
-8.17188
-8.1705
-8.17243
-8.17037

