-8.17178
-8.17089
-8.17188
-8.16931
-8.17264
-8.17324
-8.17308
-8.17433
-8.17178
-8.16196
-8.16514
-8.17569
-8.17201
-8.17472
-8.17137
-8.17425
-8.17592
-8.16646
-8.16877
-8.20511
-8.17156
-8.17055
-8.17153
-8.17229
-8.17441
-8.1721
-8.17292
-8.16804
-8.17125
-8.17142
-8.1724
-8.17529
-8.17055
-8.17127
-8.17478
-8.17468
-8.17148
-8.17055
-8.16927
-8.17165
-8.17087
-8.17251
-8.17245
-8.16779
-8.17231
-8.17231
-8.16833
-8.17276
-8.17089
-8.17455
-8.17215
-8.16925
-8.17101
-8.17115
-8.17042
-8.17274
-8.17231
-8.17297
-8.17475
-8.17116
-8.17422
-8.17547
-8.17194
-8.1693
-8.17283
-8.17033
-8.17201
-8.1691
-8.17055
-8.17127
-8.17187
-8.17037
-8.16973
-8.17472
-8.17108
-8.17411
-8.17304
-8.16635
-8.17084
-8.16794
-8.17162
-8.17534
-8.1735
-8.16237
-8.16833
-8.17099
-8.16886
-8.1724
-8.17916
-8.17124
-8.17266
-8.17243
-8.17257
-8.17332
-8.17166
-8.17169
-8.17433
-8.17534
-8.17255
-8.16988

