-8.17009
-8.17143
-8.17563
-8.17484
-8.17292
-8.17276
-8.17556
-8.17289
-8.17089
-8.17484
-8.17268
-8.1693
-8.16203
-8.17188
-8.17239
-8.16992
-8.16726
-8.17062
-8.17346
-8.17159
-8.17556
-8.17328
-8.17177
-8.17178
-8.17306
-8.18967
-8.17274
-8.1711
-8.16922
-8.16934
-8.17178
-8.17274
-8.17169
-8.16934
-8.17472
-8.17308
-8.1724
-8.17084
-8.17084
-8.17151
-8.17166
-8.17206
-8.1751
-8.17484
-8.17231
-8.17231
-8.1715
-8.17275
-8.16961
-8.17276
-8.16959
-8.1694
-8.17087
-8.17131
-8.17125
-8.17328
-8.17292
-8.17161
-8.17292
-8.17104
-8.17304
-8.1691
-8.1705
-8.1705
-8.17346
-8.17251
-8.17115
-8.17091
-8.16833
-8.16986
-8.16529
-8.17177
-8.17259
-8.17258
-8.17421
-8.17182
-8.17121
-8.17583
-8.1686
-8.17308
-8.1707
-8.17283
-8.17276
-8.17258
-8.17174
-8.1694
-8.17537
-8.17458
-8.17178
-8.1745
-8.17091
-8.17481
-8.17108
-8.17137
-8.17594
-8.17308
-8.17404
-8.17269
-8.17275
-8.17345

