-8.17548
-8.17276
-8.17108
-8.17166
-8.17165
-8.1706
-8.17201
-8.17247
-8.17295
-8.17516
-8.17115
-8.16957
-8.16636
-8.16925
-8.17302
-8.17268
-8.16664
-8.17317
-8.17496
-8.17178
-8.17146
-8.17433
-8.1715
-8.16886
-8.17529
-8.17178
-8.17042
-8.17115
-8.16931
-8.17161
-8.16668
-8.17241
-8.17174
-8.17156
-8.17345
-8.1741
-8.17188
-8.17276
-8.18573
-8.17458
-8.17165
-8.17165
-8.17156
-8.17363
-8.17174
-8.17415
-8.16821
-8.16836
-8.1705
-8.1761
-8.17317
-8.17187
-8.16833
-8.17087
-8.17263
-8.16991
-8.16886
-8.17156
-8.17162
-8.15996
-8.17255
-8.17161
-8.17142
-8.17091
-8.17431
-8.17441
-8.17009
-8.17023
-8.17165
-8.16567
-8.1686
-8.2622
-8.16942
-8.17302
-8.17269
-8.17283
-8.17253
-8.17108
-8.17458
-8.17204
-8.1724
-8.17133
-8.17289
-8.17175
-8.17131
-8.17305
-8.17131
-8.1736
-8.17197
-8.17529
-8.17461
-8.17175
-8.17108
-8.17191
-8.17104
-8.16802
-8.17128
-8.17159
-8.17131
-8.17305

