-8.16919
-8.17274
-8.16704
-8.17161
-8.16923
-8.172
-8.16938
-8.17103
-8.17194
-8.1731
-8.17196
-8.17406
-8.16716
-8.16511
-8.17108
-8.16862
-8.17339
-8.17042
-8.17042
-8.17157
-8.167
-8.1704
-8.17059
-8.17156
-8.16821
-8.17684
-8.17255
-8.17274
-8.17104
-8.17592
-8.17274
-8.17484
-8.16992
-8.17308
-8.17115
-8.17115
-8.17364
-8.17177
-8.17259
-8.17166
-8.17472
-8.18273
-8.17269
-8.17089
-8.1731
-8.17115
-8.17417
-8.16938
-8.17243
-8.17634
-8.17187
-8.17441
-8.17115
-8.1732
-8.17134
-8.17161
-8.17534
-8.17431
-8.17166
-8.17474
-8.17196
-8.16645
-8.17529
-8.17159
-8.17021
-8.17363
-8.1721
-8.17603
-8.17066
-8.17033
-8.17259
-8.17169
-8.17115
-8.17429
-8.17231
-8.17194
-8.17263
-8.16922
-8.17507
-8.17108
-8.16833
-8.15662
-8.17436
-8.17196
-8.17169
-8.172
-8.17131
-8.16934
-8.17237
-8.17431
-8.17201
-8.1691
-8.17231
-8.168
-8.17275
-8.17188
-8.17128
-8.17182
-8.17433
-8.1715

