-8.17433
-8.17124
-8.17166
-8.1724
-8.18009
-8.17166
-8.17161
-8.17225
-8.1715
-8.17308
-8.17542
-8.17484
-8.17274
-8.16925
-8.17021
-8.17251
-8.17269
-8.17103
-8.17108
-8.16973
-8.17507
-8.17529
-8.1724
-8.16972
-8.17231
-8.17127
-8.17484
-8.17583
-8.17233
-8.17274
-8.17108
-8.17458
-8.17178
-8.17276
-8.17516
-8.15996
-8.17137
-8.16529
-8.1715
-8.17231
-8.17197
-8.17137
-8.16913
-8.17113
-8.17429
-8.17084
-8.17422
-8.1712
-8.1749
-8.1736
-8.17289
-8.17089
-8.168
-8.17197
-8.17213
-8.17456
-8.17236
-8.17169
-8.17166
-8.17193
-8.17433
-8.16978
-8.16925
-8.17028
-8.17537
-8.17251
-8.17304
-8.17149
-8.17592
-8.17242
-8.17178
-8.17542
-8.17169
-8.16015
-8.17385
-8.17115
-8.16913
-8.1749
-8.17406
-8.17289
-8.1741
-8.17242
-8.17259
-8.17023
-8.17363
-8.17247
-8.1715
-8.17188
-8.17231
-8.17083
-8.17108
-8.17123
-8.17264
-8.16992
-8.17166
-8.16961
-8.16992
-8.17188
-8.17484
-8.17165

