-8.17175
-8.17177
-8.16951
-8.17339
-8.1716
-8.17166
-8.17241
-8.1761
-8.16886
-8.17175
-8.18273
-8.17165
-8.17594
-8.17115
-8.17206
-8.17314
-8.17188
-8.17275
-8.17484
-8.1718
-8.17428
-8.16953
-8.17096
-8.1732
-8.17182
-8.17165
-8.17179
-8.17247
-8.17289
-8.17469
-8.17802
-8.17294
-8.17182
-8.17537
-8.17162
-8.17057
-8.17334
-8.17197
-8.17162
-8.17115
-8.17411
-8.17055
-8.16925
-8.1732
-8.17193
-8.16117
-8.17115
-8.17042
-8.17105
-8.17469
-8.16867
-8.16821
-8.172
-8.1705
-8.17028
-8.17456
-8.16984
-8.17156
-8.1718
-8.17263
-8.17457
-8.14473
-8.17165
-8.17023
-8.17254
-8.17556
-8.17099
-8.16209
-8.17034
-8.17468
-8.17472
-8.16988
-8.17091
-8.17455
-8.17556
-8.17469
-8.17178
-8.17108
-8.1715
-8.17128
-8.17276
-8.16877
-8.17302
-8.17472
-8.17594
-8.17469
-8.17193
-8.17849
-8.17062
-8.17121
-8.18194
-8.172
-8.17184
-8.17277
-8.17166
-8.17069
-8.17304
-8.17115
-8.17411
-8.17324

