-8.17542
-8.16987
-8.17433
-8.17166
-8.17172
-8.17332
-8.16886
-8.17304
-8.17317
-8.15072
-8.17034
-8.17207
-8.17169
-8.17308
-8.17426
-8.17345
-8.21112
-8.17161
-8.17468
-8.1691
-8.17165
-8.1739
-8.16929
-8.17134
-8.17264
-8.17433
-8.1778
-8.1761
-8.17285
-8.17353
-8.16886
-8.17188
-8.17433
-8.17328
-8.17169
-8.17166
-8.17091
-8.1735
-8.1735
-8.17354
-8.17274
-8.17417
-8.17569
-8.17302
-8.17275
-8.17274
-8.1691
-8.17165
-8.17174
-8.17023
-8.17177
-8.17368
-8.17119
-8.16638
-8.16889
-8.17153
-8.17169
-8.17104
-8.16986
-8.17417
-8.17431
-8.17019
-8.17023
-8.17089
-8.17274
-8.17178
-8.17412
-8.17297
-8.17175
-8.17457
-8.16867
-8.17115
-8.17251
-8.17128
-8.17165
-8.17317
-8.17231
-8.1705
-8.17131
-8.17239
-8.17274
-8.17188
-8.17164
-8.1712
-8.17115
-8.17165
-8.17195
-8.1721
-8.17274
-8.16951
-8.17166
-8.17207
-8.17259
-8.17233
-8.1736
-8.17215
-8.17516
-8.1752
-8.16856
-8.17285

