-8.1733
-8.16987
-8.17582
-8.1735
-8.17157
-8.17156
-8.1721
-8.17433
-8.17156
-8.17334
-8.17346
-8.17259
-8.17317
-8.17317
-8.17156
-8.17177
-8.16919
-8.17275
-8.18263
-8.17255
-8.16529
-8.17255
-8.17302
-8.17247
-8.17259
-8.17206
-8.17249
-8.17116
-8.17188
-8.1736
-8.17304
-8.17478
-8.17303
-8.1716
-8.17174
-8.17491
-8.17237
-8.17433
-8.16991
-8.1715
-8.17317
-8.17021
-8.17493
-8.16874
-8.18194
-8.17115
-8.17279
-8.17103
-8.17296
-8.1745
-8.17455
-8.16989
-8.17263
-8.17472
-8.17178
-8.17516
-8.17166
-8.17542
-8.17182
-8.17165
-8.17109
-8.17263
-8.17027
-8.17237
-8.17007
-8.17023
-8.1761
-8.17266
-8.17188
-8.17345
-8.17203
-8.16903
-8.17259
-8.17006
-8.17077
-8.17516
-8.17127
-8.17099
-8.18588
-8.16972
-8.17203
-8.20748
-8.17308
-8.17055
-8.16925
-8.17023
-8.17325
-8.17259
-8.16925
-8.17468
-8.17196
-8.17131
-8.17468
-8.17308
-8.1706
-8.17156
-8.17236
-8.16877
-8.17156
-8.17084

