-8.17128
-8.17115
-8.17115
-8.1718
-8.17055
-8.17269
-8.17274
-8.17091
-8.17237
-8.17249
-8.17243
-8.17127
-8.16903
-8.17345
-8.17124
-8.17062
-8.17055
-8.17059
-8.1691
-8.17177
-8.17162
-8.17534
-8.17178
-8.1658
-8.17243
-8.17128
-8.1706
-8.17306
-8.17069
-8.16889
-8.17115
-8.17193
-8.17009
-8.1737
-8.17171
-8.17166
-8.17125
-8.17142
-8.17404
-8.17121
-8.17263
-8.16991
-8.17131
-8.17468
-8.17433
-8.17203
-8.16886
-8.17529
-8.1658
-8.16209
-8.17276
-8.17456
-8.16862
-8.17156
-8.1732
-8.17276
-8.17148
-8.17259
-8.17174
-8.16717
-8.17241
-8.17171
-8.17364
-8.17308
-8.17289
-8.17308
-8.17308
-8.17194
-8.17091
-8.17213
-8.17275
-8.1711
-8.17546
-8.17042
-8.16124
-8.16646
-8.1756
-8.17175
-8.17194
-8.17433
-8.17259
-8.17161
-8.17171
-8.17174
-8.1749
-8.17166
-8.17023
-8.17266
-8.17258
-8.16881
-8.1694
-8.17128
-8.17086
-8.17411
-8.17411
-8.17133
-8.17091
-8.17433
-8.17108
-8.17188

