-8.17227
-8.17431
-8.17259
-8.17066
-8.1731
-8.17028
-8.17134
-8.17255
-8.17328
-8.16989
-8.1749
-8.1736
-8.17159
-8.16117
-8.17087
-8.17167
-8.17103
-8.17103
-8.1706
-8.17077
-8.17229
-8.17131
-8.16833
-8.17522
-8.17348
-8.1721
-8.17109
-8.17023
-8.17253
-8.1751
-8.16508
-8.17532
-8.17317
-8.17563
-8.16973
-8.17481
-8.1737
-8.17177
-8.17339
-8.1715
-8.1736
-8.16973
-8.17166
-8.17178
-8.1745
-8.17104
-8.17431
-8.1749
-8.17223
-8.17027
-8.17422
-8.17255
-8.16833
-8.17457
-8.16919
-8.17178
-8.17417
-8.17306
-8.17165
-8.17194
-8.17091
-8.17089
-8.16951
-8.17166
-8.1705
-8.17187
-8.17243
-8.17101
-8.17161
-8.17178
-8.17283
-8.17156
-8.17422
-8.1705
-8.1705
-8.1718
-8.16635
-8.17599
-8.17162
-8.17156
-8.17516
-8.17108
-8.17306
-8.16919
-8.17274
-8.17458
-8.17108
-8.17242
-8.17084
-8.17023
-8.17359
-8.17156
-8.17247
-8.1736
-8.17174
-8.17166
-8.17264
-8.17062
-8.17259
-8.17259

