-8.1724
-8.17231
-8.16988
-8.17283
-8.17166
-8.17431
-8.17108
-8.17188
-8.17099
-8.16867
-8.18315
-8.17159
-8.17103
-8.17549
-8.17443
-8.17412
-8.17241
-8.17193
-8.17188
-8.17519
-8.17108
-8.17481
-8.17014
-8.16877
-8.17274
-8.1781
-8.17055
-8.17563
-8.17347
-8.17115
-8.17346
-8.17359
-8.17156
-8.17458
-8.17142
-8.16991
-8.12873
-8.17297
-8.17556
-8.17159
-8.1706
-8.17446
-8.17115
-8.17536
-8.18006
-8.1718
-8.17159
-8.17259
-8.17259
-8.17243
-8.17169
-8.17188
-8.16978
-8.17201
-8.17104
-8.17524
-8.17165
-8.17328
-8.17169
-8.17116
-8.17023
-8.17243
-8.17206
-8.17156
-8.17306
-8.16634
-8.17338
-8.17125
-8.17412
-8.17108
-8.17188
-8.17348
-8.17563
-8.1716
-8.1716
-8.17104
-8.17188
-8.1671
-8.17178
-8.17354
-8.17188
-8.17188
-8.17282
-8.17431
-8.17159
-8.17529
-8.17406
-8.17375
-8.17526
-8.17283
-8.1547
-8.1745
-8.17416
-8.17308
-8.16426
-8.17108
-8.16913
-8.17115
-8.17266
-8.17264

