-8.17151
-8.17115
-8.17172
-8.17151
-8.17023
-8.17062
-8.1731
-8.172
-8.1721
-8.17276
-8.17345
-8.17022
-8.17022
-8.1724
-8.17274
-8.17431
-8.1712
-8.17308
-8.17526
-8.17455
-8.16196
-8.17529
-8.1718
-8.17411
-8.17296
-8.17178
-8.16862
-8.17594
-8.17276
-8.1706
-8.1739
-8.17297
-8.17169
-8.17128
-8.17125
-8.17115
-8.17166
-8.17166
-8.17104
-8.17161
-8.17276
-8.17308
-8.17133
-8.17441
-8.1718
-8.17103
-8.16881
-8.17402
-8.1721
-8.17077
-8.17346
-8.16903
-8.16704
-8.17283
-8.17643
-8.1718
-8.17344
-8.16959
-8.17162
-8.18227
-8.17133
-8.17363
-8.17585
-8.17023
-8.168
-8.17275
-8.17062
-8.17249
-8.17174
-8.1713
-8.17317
-8.17458
-8.17128
-8.17119
-8.17249
-8.17108
-8.17022
-8.17458
-8.17231
-8.17188
-8.17161
-8.1718
-8.17534
-8.1732
-8.17075
-8.17196
-8.17156
-8.16867
-8.1688
-8.18008
-8.1724
-8.17317
-8.17547
-8.1691
-8.17161
-8.17264
-8.17954
-8.17308
-8.17454
-8.17274

