-8.17124
-8.1721
-8.17165
-8.17156
-8.17023
-8.17324
-8.17648
-8.17087
-8.1724
-8.16209
-8.16923
-8.1721
-8.16867
-8.16225
-8.17261
-8.17159
-8.17115
-8.17188
-8.16196
-8.17115
-8.17137
-8.16829
-8.1715
-8.17023
-8.17486
-8.17308
-8.17274
-8.17474
-8.16876
-8.17469
-8.1694
-8.1732
-8.16886
-8.17167
-8.17471
-8.16877
-8.17133
-8.16992
-8.17073
-8.17162
-8.16925
-8.17255
-8.16833
-8.17188
-8.17304
-8.1749
-8.17194
-8.17347
-8.16515
-8.17308
-8.17174
-8.16925
-8.17359
-8.17188
-8.17472
-8.17055
-8.17346
-8.17156
-8.17529
-8.14903
-8.17249
-8.17345
-8.17174
-8.15458
-8.17193
-8.17033
-8.16895
-8.17128
-8.17572
-8.17182
-8.1718
-8.17055
-8.17166
-8.17259
-8.17022
-8.17355
-8.16938
-8.18005
-8.17083
-8.17149
-8.17457
-8.17169
-8.17592
-8.17263
-8.17274
-8.17099
-8.17529
-8.17104
-8.17115
-8.17458
-8.16586
-8.16919
-8.17275
-8.17156
-8.17116
-8.1721
-8.16987
-8.17059
-8.17306
-8.17166

