-8.17223
-8.16991
-8.17034
-8.17001
-8.17175
-8.17151
-8.17086
-8.17171
-8.17093
-8.17346
-8.17131
-8.17188
-8.16717
-8.172
-8.17161
-8.17279
-8.17549
-8.17484
-8.17191
-8.17468
-8.17083
-8.17261
-8.1706
-8.17087
-8.17115
-8.17166
-8.17131
-8.17283
-8.17194
-8.1706
-8.16886
-8.17422
-8.16927
-8.16931
-8.17103
-8.17529
-8.16717
-8.1732
-8.17516
-8.17162
-8.17091
-8.17086
-8.17476
-8.16646
-8.1763
-8.1716
-8.16992
-8.17274
-8.17159
-8.17573
-8.17009
-8.17086
-8.17563
-8.17241
-8.17182
-8.17276
-8.1732
-8.17128
-8.16508
-8.1718
-8.17033
-8.17253
-8.17461
-8.17188
-8.17166
-8.17165
-8.17314
-8.16903
-8.17239
-8.17162
-8.17253
-8.17142
-8.17178
-8.16867
-8.17091
-8.1745
-8.16876
-8.17253
-8.16721
-8.17264
-8.16988
-8.17363
-8.17159
-8.16957
-8.17182
-8.17197
-8.17149
-8.17178
-8.17142
-8.17159
-8.17096
-8.17169
-8.1737
-8.16959
-8.1739
-8.17548
-8.1711
-8.17142
-8.17304
-8.16813

