-8.16881
-8.17323
-8.17009
-8.17165
-8.17101
-8.17022
-8.17157
-8.17455
-8.17469
-8.16862
-8.17303
-8.17547
-8.16996
-8.17062
-8.17339
-8.17182
-8.16886
-8.17035
-8.17366
-8.17249
-8.17839
-8.16922
-8.172
-8.16886
-8.17203
-8.17096
-8.17253
-8.16929
-8.17216
-8.17084
-8.17124
-8.17124
-8.17259
-8.16268
-8.17028
-8.17427
-8.17178
-8.17456
-8.17166
-8.17023
-8.17166
-8.17066
-8.17166
-8.17172
-8.16455
-8.17491
-8.1724
-8.17027
-8.17304
-8.17237
-8.17481
-8.17243
-8.1724
-8.17345
-8.17166
-8.1707
-8.16886
-8.17188
-8.17188
-8.16961
-8.1704
-8.16929
-8.17134
-8.17249
-8.17156
-8.17033
-8.16931
-8.17461
-8.17484
-8.17269
-8.17108
-8.17684
-8.17163
-8.16868
-8.17263
-8.17142
-8.17099
-8.17091
-8.17524
-8.1658
-8.17802
-8.17801
-8.17534
-8.17083
-8.17231
-8.17347
-8.17034
-8.17188
-8.1741
-8.16454
-8.16708
-8.16645
-8.17276
-8.17177
-8.17161
-8.17163
-8.17231
-8.167
-8.17099
-8.17304

