-8.17251
-8.17188
-8.17274
-8.1716
-8.17162
-8.17137
-8.1711
-8.17249
-8.1707
-8.18006
-8.172
-8.1706
-8.17433
-8.17484
-8.17334
-8.17309
-8.17558
-8.17137
-8.17233
-8.1735
-8.17254
-8.17263
-8.17402
-8.1736
-8.17259
-8.1715
-8.16881
-8.17241
-8.17116
-8.17083
-8.17484
-8.17304
-8.17115
-8.15183
-8.17599
-8.16922
-8.17783
-8.17251
-8.16929
-8.17308
-8.17328
-8.17363
-8.17149
-8.17223
-8.1715
-8.17455
-8.17546
-8.17086
-8.17133
-8.17156
-8.17055
-8.1718
-8.17201
-8.1718
-8.17156
-8.17475
-8.17162
-8.17127
-8.17177
-8.17006
-8.1688
-8.16822
-8.1736
-8.17259
-8.17174
-8.16514
-8.16992
-8.17119
-8.17178
-8.17087
-8.17197
-8.17059
-8.17627
-8.17669
-8.17115
-8.17417
-8.16639
-8.17274
-8.17163
-8.17524
-8.17237
-8.17197
-8.17087
-8.17009
-8.17115
-8.17121
-8.17858
-8.17055
-8.17167
-8.17303
-8.17536
-8.17062
-8.17255
-8.1704
-8.17084
-8.17156
-8.17123
-8.17187
-8.17308
-8.17166

