-8.1694
-8.20997
-8.1711
-8.17412
-8.17041
-8.17178
-8.17191
-8.16862
-8.29022
-8.17436
-8.17274
-8.16922
-8.17034
-8.16961
-8.17529
-8.17178
-8.17411
-8.17108
-8.17223
-8.16919
-8.17231
-8.17433
-8.17162
-8.17229
-8.17229
-8.17583
-8.17303
-8.1694
-8.17422
-8.17196
-8.17276
-8.17014
-8.1715
-8.17151
-8.17457
-8.16639
-8.17142
-8.17311
-8.17087
-8.16716
-8.1731
-8.1718
-8.17034
-8.17257
-8.17084
-8.17169
-8.17073
-8.17166
-8.1715
-8.17191
-8.17113
-8.17162
-8.17458
-8.17481
-8.17161
-8.17156
-8.17231
-8.1715
-8.17276
-8.1715
-8.17304
-8.17103
-8.17274
-8.17231
-8.17128
-8.17113
-8.16544
-8.17178
-8.16867
-8.17417
-8.17411
-8.16928
-8.22911
-8.17547
-8.1718
-8.1706
-8.17065
-8.17177
-8.17042
-8.17115
-8.16925
-8.17802
-8.17599
-8.17084
-8.17328
-8.1741
-8.17275
-8.17402
-8.17188
-8.17545
-8.16821
-8.17083
-8.17251
-8.17216
-8.17165
-8.17021
-8.17174
-8.17166
-8.17177
-8.17166

