-8.17239
-8.17249
-8.17171
-8.17086
-8.16991
-8.17099
-8.1749
-8.17169
-8.17556
-8.17177
-8.17216
-8.17127
-8.17159
-8.17091
-8.17103
-8.16821
-8.17041
-8.17542
-8.17524
-8.18009
-8.17304
-8.17425
-8.1739
-8.16965
-8.17035
-8.16591
-8.17524
-8.17275
-8.20067
-8.17274
-8.1711
-8.17448
-8.17276
-8.17177
-8.17188
-8.17125
-8.1715
-8.1731
-8.17159
-8.17412
-8.17108
-8.16935
-8.16988
-8.17455
-8.17178
-8.17433
-8.16991
-8.17103
-8.17179
-8.17324
-8.1691
-8.16925
-8.17406
-8.17108
-8.16127
-8.17151
-8.17247
-8.1735
-8.17163
-8.15996
-8.17261
-8.17177
-8.17033
-8.17243
-8.17006
-8.17237
-8.17534
-8.16986
-8.16925
-8.17385
-8.17188
-8.17188
-8.17472
-8.18263
-8.16925
-8.17442
-8.17178
-8.16992
-8.17196
-8.16862
-8.28525
-8.17292
-8.17104
-8.16922
-8.16392
-8.17274
-8.17263
-8.17308
-8.17178
-8.16929
-8.17169
-8.17194
-8.1731
-8.17156
-8.17115
-8.17178
-8.16928
-8.17304
-8.17108
-8.17308

