-8.17249
-8.1715
-8.17104
-8.17162
-8.17057
-8.17023
-8.17177
-8.17225
-8.17433
-8.15383
-8.17165
-8.17124
-8.17127
-8.17259
-8.17172
-8.17253
-8.17099
-8.16833
-8.17469
-8.16942
-8.17073
-8.1735
-8.17231
-8.17236
-8.16203
-8.17083
-8.18967
-8.17317
-8.17363
-8.17091
-8.17128
-8.1688
-8.17165
-8.17306
-8.17115
-8.1732
-8.1724
-8.1671
-8.17253
-8.17372
-8.17115
-8.1741
-8.17055
-8.17816
-8.17247
-8.1715
-8.1724
-8.17249
-8.17456
-8.17223
-8.17148
-8.17334
-8.17402
-8.17398
-8.17055
-8.1698
-8.17108
-8.17472
-8.17458
-8.16934
-8.17275
-8.16991
-8.17414
-8.17308
-8.17019
-8.16959
-8.17433
-8.17159
-8.17009
-8.17104
-8.17027
-8.17163
-8.16961
-8.17283
-8.1713
-8.17308
-8.17166
-8.16925
-8.17105
-8.17188
-8.17433
-8.17182
-8.17529
-8.17153
-8.17334
-8.17158
-8.17237
-8.17178
-8.17178
-8.17569
-8.17169
-8.17317
-8.17124
-8.1716
-8.17231
-8.1749
-8.17276
-8.17159
-8.17458
-8.17115

