-8.17345
-8.17328
-8.16934
-8.17707
-8.1749
-8.17308
-8.17178
-8.86704
-8.17236
-8.16922
-8.17276
-8.17108
-8.17089
-8.16961
-8.17264
-8.17426
-8.17023
-8.17261
-8.17306
-8.16934
-8.17276
-8.17206
-8.17177
-8.17247
-8.17108
-8.1721
-8.16886
-8.17579
-8.16613
-8.16514
-8.17304
-8.17108
-8.17954
-8.17398
-8.17243
-8.40746
-8.16889
-8.17166
-8.17178
-8.17059
-8.17161
-8.17059
-8.16925
-8.17276
-8.17563
-8.17345
-8.17406
-8.1713
-8.17648
-8.17037
-8.17035
-8.16454
-8.16925
-8.1763
-8.17647
-8.17175
-8.17302
-8.17231
-8.16663
-8.1761
-8.17292
-8.17007
-8.17099
-8.17146
-8.17455
-8.17345
-8.17159
-8.16708
-8.16889
-8.17121
-8.17127
-8.17023
-8.17159
-8.17151
-8.16889
-8.17567
-8.16716
-8.17346
-8.17096
-8.1725
-8.16929
-8.17089
-8.17084
-8.17542
-8.17103
-8.16978
-8.17177
-8.16714
-8.17402
-8.1721
-8.20964
-8.17172
-8.17516
-8.17069
-8.16881
-8.1704
-8.17083
-8.17163
-8.17345
-8.17594

