-8.17099
-8.17484
-8.17334
-8.17247
-8.17289
-8.17257
-8.17422
-8.17317
-8.17269
-8.17289
-8.17166
-8.17149
-8.17128
-8.17448
-8.17131
-8.17161
-8.17188
-8.17274
-8.17104
-8.17027
-8.17023
-8.17023
-8.17113
-8.17297
-8.17297
-8.16929
-8.17177
-8.17247
-8.17099
-8.17259
-8.21112
-8.17422
-8.17308
-8.17194
-8.17086
-8.16919
-8.17317
-8.17092
-8.17188
-8.1724
-8.17406
-8.17275
-8.17346
-8.17177
-8.17247
-8.17258
-8.17161
-8.17516
-8.17257
-8.17188
-8.16454
-8.17507
-8.17159
-8.17415
-8.17236
-8.17263
-8.17014
-8.17411
-8.17169
-8.1715
-8.17484
-8.16934
-8.17125
-8.17027
-8.17354
-8.17188
-8.17161
-8.17188
-8.17358
-8.17244
-8.17087
-8.16972
-8.17251
-8.17159
-8.17353
-8.17529
-8.17062
-8.16514
-8.17166
-8.17239
-8.17264
-8.16718
-8.1715
-8.22531
-8.1711
-8.1749
-8.17197
-8.17169
-8.16856
-8.17516
-8.17113
-8.17358
-8.17156
-8.1749
-8.17049
-8.17084
-8.17259
-8.17421
-8.17159
-8.17542

