-8.17417
-8.17133
-8.17142
-8.17073
-8.16886
-8.17266
-8.17021
-8.16804
-8.17119
-8.17481
-8.17169
-8.17241
-8.17006
-8.17042
-8.17253
-8.17128
-8.17348
-8.17507
-8.17237
-8.17324
-8.17073
-8.16269
-8.17165
-8.1741
-8.17251
-8.17549
-8.17328
-8.17197
-8.17087
-8.17133
-8.17137
-8.17169
-8.16925
-8.17803
-8.17407
-8.17178
-8.17142
-8.17084
-8.17023
-8.17007
-8.17188
-8.17059
-8.1694
-8.1718
-8.17115
-8.17178
-8.17169
-8.17304
-8.1691
-8.17159
-8.17474
-8.18315
-8.17188
-8.17004
-8.17237
-8.17308
-8.17023
-8.17363
-8.17174
-8.17242
-8.17472
-8.17178
-8.17292
-8.16919
-8.16931
-8.17128
-8.17231
-8.17269
-8.17084
-8.17156
-8.1715
-8.17104
-8.17023
-8.17259
-8.1715
-8.17115
-8.17158
-8.17345
-8.17166
-8.17177
-8.17137
-8.17472
-8.17416
-8.17182
-8.19352
-8.17556
-8.17263
-8.17263
-8.17091
-8.17264
-8.17188
-8.17182
-8.17175
-8.17348
-8.17103
-8.1749
-8.17283
-8.17308
-8.17303
-8.17292

