-8.17163
-8.1735
-8.17115
-8.17615
-8.16988
-8.16986
-8.17303
-8.17171
-8.17089
-8.17188
-8.17458
-8.17433
-8.17554
-8.17412
-8.17302
-8.16965
-8.17127
-8.19645
-8.16886
-8.172
-8.16984
-8.17174
-8.16794
-8.17113
-8.17114
-8.17065
-8.17302
-8.17302
-8.1711
-8.16959
-8.17534
-8.17277
-8.1671
-8.1731
-8.17334
-8.17124
-8.1741
-8.1749
-8.18006
-8.17346
-8.17472
-8.17579
-8.17065
-8.17162
-8.16919
-8.17178
-8.17431
-8.17229
-8.16925
-8.1706
-8.17243
-8.17171
-8.17149
-8.17268
-8.16927
-8.17193
-8.17119
-8.16984
-8.18992
-8.17529
-8.17231
-8.17239
-8.17468
-8.17455
-8.17162
-8.16987
-8.17569
-8.17486
-8.17023
-8.17406
-8.17055
-8.17259
-8.17237
-8.1721
-8.17027
-8.17128
-8.17317
-8.1739
-8.16929
-8.17023
-8.17115
-8.17128
-8.17345
-8.17428
-8.17231
-8.17197
-8.16925
-8.1737
-8.1715
-8.17109
-8.17839
-8.17251
-8.17242
-8.17104
-8.17304
-8.17166
-8.16996
-8.17148
-8.17115
-8.17156

