-8.17108
-8.16886
-8.17125
-8.17162
-8.16925
-8.17801
-8.17542
-8.17169
-8.17021
-8.17033
-8.17324
-8.17177
-8.17194
-8.17178
-8.17023
-8.17251
-8.17062
-8.17457
-8.17108
-8.17385
-8.17582
-8.17023
-8.17247
-8.17092
-8.1736
-8.1731
-8.16931
-8.16877
-8.17057
-8.17242
-8.17641
-8.16455
-8.17292
-8.17231
-8.17295
-8.17468
-8.17023
-8.1715
-8.17188
-8.17103
-8.17159
-8.1694
-8.17253
-8.17345
-8.17115
-8.1718
-8.17507
-8.1721
-8.17274
-8.17274
-8.17471
-8.17282
-8.16862
-8.17274
-8.17529
-8.17162
-8.17289
-8.17165
-8.17162
-8.17086
-8.1735
-8.1736
-8.17422
-8.17182
-8.17115
-8.17109
-8.16973
-8.08199
-8.17472
-8.17817
-8.17115
-8.16821
-8.17303
-8.17073
-8.1732
-8.17314
-8.17156
-8.17159
-8.17099
-8.17263
-8.17304
-8.17526
-8.17239
-8.17345
-8.17231
-8.17062
-8.17296
-8.17099
-8.17332
-8.17201
-8.17363
-8.17206
-8.17127
-8.17215
-8.17062
-8.17009
-8.17163
-8.17169
-8.1721
-8.17433

