-8.17345
-8.1707
-8.17178
-8.17084
-8.17062
-8.16923
-8.17188
-8.1718
-8.17537
-8.17345
-8.17791
-8.17166
-8.17166
-8.17166
-8.17133
-8.17178
-8.16919
-8.16935
-8.17162
-8.17276
-8.17055
-8.16957
-8.17548
-8.17115
-8.1718
-8.16973
-8.17264
-8.17083
-8.17266
-8.17207
-8.1725
-8.17257
-8.17188
-8.1725
-8.16987
-8.17647
-8.17156
-8.17431
-8.17201
-8.17127
-8.1716
-8.17124
-8.1751
-8.17529
-8.17099
-8.16833
-8.17091
-8.17354
-8.16716
-8.17237
-8.17569
-8.17165
-8.16833
-8.17161
-8.16934
-8.17449
-8.17258
-8.17134
-8.17534
-8.16703
-8.167
-8.17162
-8.17115
-8.16717
-8.17156
-8.16209
-8.17151
-8.17115
-8.17188
-8.17165
-8.17269
-8.17231
-8.17188
-8.17153
-8.17169
-8.1715
-8.17182
-8.17422
-8.16634
-8.1693
-8.17263
-8.17133
-8.17115
-8.17422
-8.17395
-8.17108
-8.16935
-8.17196
-8.16886
-8.17156
-8.17229
-8.17583
-8.17128
-8.17115
-8.17251
-8.17292
-8.17276
-8.17308
-8.17339
-8.1749

