-8.17049
-8.17127
-8.17259
-8.16567
-8.17096
-8.17162
-8.17259
-8.17251
-8.17127
-8.17159
-8.17166
-8.16925
-8.17237
-8.16862
-8.17446
-8.17156
-8.17346
-8.17071
-8.17087
-8.17247
-8.17295
-8.17472
-8.16925
-8.17493
-8.16163
-8.17484
-8.17458
-8.17236
-8.17182
-8.17236
-8.17417
-8.17146
-8.17455
-8.16721
-8.16923
-8.16645
-8.17422
-8.16723
-8.1706
-8.17091
-8.17091
-8.17348
-8.17304
-8.17108
-8.17537
-8.16821
-8.1706
-8.17128
-8.1706
-8.19981
-8.1731
-8.16931
-8.172
-8.1721
-8.16961
-8.17283
-8.17127
-8.17346
-8.1725
-8.17276
-8.17206
-8.17247
-8.16859
-8.17493
-8.1716
-8.17433
-8.17225
-8.17476
-8.17175
-8.17534
-8.1721
-8.17363
-8.1715
-8.16931
-8.17231
-8.17274
-8.17159
-8.17099
-8.17165
-8.17283
-8.17223
-8.17156
-8.17033
-8.17237
-8.17104
-8.17236
-8.17182
-8.17119
-8.17264
-8.17156
-8.1718
-8.16857
-8.17091
-8.17251
-8.17022
-8.18643
-8.16716
-8.17166
-8.16992
-8.17023

