-8.17431
-8.16965
-8.17563
-8.17472
-8.1691
-8.17028
-8.17169
-8.17345
-8.17023
-8.1704
-8.17417
-8.16833
-8.17493
-8.17127
-8.1718
-8.17363
-8.16716
-8.17156
-8.17348
-8.1698
-8.1763
-8.1705
-8.17023
-8.17165
-8.17332
-8.17163
-8.1705
-8.17563
-8.17289
-8.17339
-8.17162
-8.17239
-8.17127
-8.1715
-8.18006
-8.17188
-8.17166
-8.17177
-8.1761
-8.17406
-8.17215
-8.17187
-8.17665
-8.17255
-8.17225
-8.1715
-8.17457
-8.17083
-8.1721
-8.1706
-8.17156
-8.17158
-8.17472
-8.18243
-8.16934
-8.17516
-8.17346
-8.17243
-8.17055
-8.1698
-8.17165
-8.1707
-8.16889
-8.17166
-8.17037
-8.16959
-8.1715
-8.17433
-8.17266
-8.17037
-8.17206
-8.17207
-8.17302
-8.16209
-8.1706
-8.17231
-8.17247
-8.1698
-8.17428
-8.17187
-8.17558
-8.17165
-8.17166
-8.16414
-8.17433
-8.17295
-8.17237
-8.17363
-8.17178
-8.17104
-8.17182
-8.17346
-8.18538
-8.17077
-8.17171
-8.17414
-8.17594
-8.17269
-8.16646
-8.17598

