-8.17178
-8.16984
-8.17363
-8.17395
-8.17493
-8.17372
-8.17165
-8.17087
-8.17108
-8.17231
-8.16635
-8.17188
-8.17324
-8.17993
-8.1716
-8.16996
-8.17302
-8.17277
-8.17162
-8.16978
-8.17302
-8.17113
-8.17266
-8.17162
-8.17433
-8.17069
-8.17197
-8.17206
-8.17215
-8.17033
-8.17113
-8.172
-8.17563
-8.17264
-8.1715
-8.17458
-8.17103
-8.17304
-8.17059
-8.16822
-8.17474
-8.18243
-8.17184
-8.1721
-8.17526
-8.17168
-8.17406
-8.17449
-8.17276
-8.17128
-8.17306
-8.17433
-8.17159
-8.17258
-8.16922
-8.17109
-8.17579
-8.16613
-8.17529
-8.17275
-8.17475
-8.14708
-8.17516
-8.19012
-8.17159
-8.17021
-8.17493
-8.17163
-8.17188
-8.17084
-8.17165
-8.17023
-8.17363
-8.17348
-8.1741
-8.17524
-8.17263
-8.16203
-8.17474
-8.17207
-8.17055
-8.17802
-8.17084
-8.16934
-8.17127
-8.17188
-8.17347
-8.16903
-8.17292
-8.16988
-8.16923
-8.17159
-8.17062
-8.17166
-8.16718
-8.17402
-8.17255
-8.17071
-8.17283
-8.17179

