-8.1716
-8.17146
-8.17055
-8.17115
-8.17433
-8.17007
-8.17526
-8.17207
-8.16927
-8.17484
-8.17197
-8.17201
-8.17055
-8.17474
-8.17103
-8.17472
-8.17302
-8.17268
-8.17201
-8.17548
-8.17157
-8.17087
-8.17161
-8.17115
-8.17115
-8.16934
-8.17133
-8.16668
-8.17455
-8.16886
-8.17458
-8.17108
-8.17236
-8.17263
-8.17269
-8.17104
-8.17522
-8.17178
-8.17194
-8.17108
-8.17526
-8.17448
-8.17516
-8.17472
-8.17457
-8.17195
-8.17546
-8.17165
-8.17169
-8.17091
-8.17161
-8.17406
-8.16454
-8.17014
-8.17027
-8.16886
-8.17253
-8.17358
-8.17104
-8.16281
-8.17266
-8.17091
-8.17306
-8.17165
-8.1658
-8.17197
-8.17128
-8.17108
-8.17594
-8.16867
-8.17164
-8.17178
-8.16919
-8.17263
-8.16991
-8.17469
-8.17484
-8.17059
-8.16544
-8.17433
-8.17037
-8.17022
-8.16756
-8.17264
-8.17421
-8.17166
-8.17021
-8.17982
-8.17142
-8.16919
-8.17108
-8.17169
-8.1751
-8.17115
-8.17159
-8.17091
-8.17066
-8.17188
-8.17279
-8.17303

