-8.18731
-8.16934
-8.17529
-8.1671
-8.17057
-8.1731
-8.1713
-8.17345
-8.17174
-8.16117
-8.17269
-8.17164
-8.17269
-8.17594
-8.17128
-8.17247
-8.17259
-8.17084
-8.17398
-8.17201
-8.17237
-8.17249
-8.17885
-8.17292
-8.17211
-8.17269
-8.17308
-8.17007
-8.17481
-8.16923
-8.17534
-8.17188
-8.16867
-8.1749
-8.17166
-8.17166
-8.17101
-8.17358
-8.17669
-8.1724
-8.17429
-8.1691
-8.17481
-8.17285
-8.17296
-8.17019
-8.1716
-8.17029
-8.1706
-8.1694
-8.17115
-8.17164
-8.16877
-8.17364
-8.161
-8.17529
-8.16333
-8.17982
-8.17458
-8.1724
-8.17156
-8.1715
-8.17472
-8.17448
-8.20036
-8.18008
-8.16889
-8.17229
-8.17134
-8.17206
-8.17247
-8.17269
-8.17077
-8.17059
-8.17303
-8.17128
-8.17089
-8.1658
-8.1725
-8.17161
-8.17188
-8.17062
-8.17184
-8.16209
-8.1721
-8.1698
-8.17156
-8.17096
-8.17065
-8.17277
-8.17346
-8.17346
-8.17162
-8.17178
-8.16991
-8.16951
-8.17128
-8.17177
-8.17308
-8.1715

