-8.17023
-8.17121
-8.1513
-8.16922
-8.17128
-8.17125
-8.17242
-8.17242
-8.17194
-8.16886
-8.17233
-8.17128
-8.17263
-8.172
-8.17108
-8.17303
-8.17223
-8.17041
-8.17089
-8.1715
-8.17119
-8.17282
-8.17091
-8.17251
-8.17121
-8.17458
-8.17109
-8.1468
-8.17476
-8.17308
-8.17292
-8.16623
-8.16931
-8.1694
-8.17125
-8.16635
-8.20259
-8.17237
-8.17191
-8.17113
-8.16821
-8.17091
-8.17063
-8.16623
-8.17268
-8.17091
-8.18599
-8.17276
-8.17276
-8.18009
-8.17306
-8.17161
-8.16986
-8.1694
-8.17162
-8.17083
-8.17165
-8.17353
-8.17188
-8.17175
-8.17417
-8.16604
-8.1737
-8.17258
-8.20169
-8.17289
-8.17472
-8.17481
-8.17056
-8.17247
-8.17175
-8.18179
-8.17096
-8.17253
-8.20957
-8.17283
-8.17259
-8.17009
-8.17406
-8.17289
-8.17306
-8.16988
-8.17124
-8.17325
-8.17254
-8.17103
-8.17304
-8.16929
-8.17433
-8.17474
-8.17091
-8.17099
-8.16717
-8.17549
-8.16929
-8.17177
-8.1698
-8.17191
-8.17229
-8.17177

