-8.17684
-8.17157
-8.17157
-8.17055
-8.17127
-8.1715
-8.17188
-8.172
-8.17182
-8.17275
-8.17157
-8.16874
-8.17431
-8.17476
-8.17306
-8.17166
-8.17089
-8.17334
-8.17033
-8.1698
-8.17161
-8.1739
-8.17231
-8.1715
-8.17484
-8.168
-8.17128
-8.17417
-8.17283
-8.16986
-8.17091
-8.17163
-8.16973
-8.16704
-8.16721
-8.18599
-8.16716
-8.17526
-8.17103
-8.17156
-8.1706
-8.17128
-8.17034
-8.17169
-8.17516
-8.16862
-8.17296
-8.17227
-8.17455
-8.17194
-8.17134
-8.17304
-8.16951
-8.17166
-8.17201
-8.16973
-8.17448
-8.17055
-8.17028
-8.17077
-8.17193
-8.17255
-8.16537
-8.1691
-8.17027
-8.16946
-8.16895
-8.16989
-8.17169
-8.17108
-8.17275
-8.17648
-8.17372
-8.1716
-8.17259
-8.17182
-8.17191
-8.16668
-8.17431
-8.16951
-8.17283
-8.17264
-8.18089
-8.17406
-8.17223
-8.17146
-8.1736
-8.1736
-8.1736
-8.17119
-8.17159
-8.17274
-8.17103
-8.17263
-8.17524
-8.17276
-8.17166
-8.16927
-8.17263
-8.17133

