-8.17156
-8.17115
-8.17253
-8.16965
-8.17411
-8.17429
-8.17283
-8.17484
-8.17196
-8.17519
-8.19514
-8.17469
-8.1691
-8.17304
-8.17519
-8.17563
-8.1711
-8.17724
-8.17006
-8.17237
-8.16988
-8.17516
-8.17142
-8.17133
-8.16862
-8.16862
-8.17425
-8.17123
-8.17334
-8.17402
-8.17583
-8.17266
-8.17093
-8.17128
-8.17358
-8.16586
-8.17178
-8.17294
-8.17177
-8.16833
-8.17108
-8.17306
-8.18165
-8.17519
-8.17137
-8.17162
-8.17096
-8.17103
-8.17171
-8.17258
-8.1712
-8.17083
-8.17166
-8.16853
-8.17204
-8.17592
-8.17422
-8.17303
-8.172
-8.17421
-8.17188
-8.1715
-8.17156
-8.17283
-8.16925
-8.17255
-8.17415
-8.17276
-8.16965
-8.17156
-8.18194
-8.17096
-8.17162
-8.17166
-8.17276
-8.17073
-8.17158
-8.16514
-8.17023
-8.17276
-8.17055
-8.17161
-8.17254
-8.17171
-8.1713
-8.17083
-8.17264
-8.17332
-8.17332
-8.17251
-8.17308
-8.17177
-8.17308
-8.17062
-8.17033
-8.17223
-8.16814
-8.17548
-8.17269
-8.17109

