-8.17002
-8.17195
-8.17204
-8.16989
-8.17178
-8.17283
-8.16978
-8.17339
-8.17206
-8.17099
-8.17276
-8.17188
-8.16927
-8.17166
-8.17522
-8.17348
-8.17526
-8.17111
-8.17231
-8.17259
-8.17009
-8.17201
-8.17055
-8.17599
-8.17128
-8.16857
-8.17162
-8.17398
-8.17035
-8.17096
-8.1725
-8.17414
-8.17113
-8.1718
-8.17481
-8.17484
-8.17433
-8.17166
-8.17592
-8.17417
-8.17108
-8.17104
-8.17089
-8.1691
-8.17363
-8.17275
-8.16716
-8.17231
-8.17268
-8.17425
-8.17548
-8.16957
-8.17279
-8.17283
-8.17092
-8.17115
-8.17269
-8.17258
-8.16923
-8.1731
-8.17195
-8.17115
-8.1698
-8.1727
-8.17188
-8.17111
-8.17308
-8.16929
-8.17159
-8.17306
-8.1732
-8.17115
-8.17308
-8.17166
-8.17108
-8.17194
-8.17406
-8.16886
-8.17563
-8.16965
-8.1725
-8.17162
-8.17358
-8.17426
-8.17276
-8.17412
-8.17564
-8.1721
-8.16959
-8.17345
-8.17166
-8.17184
-8.17375
-8.17258
-8.17421
-8.17249
-8.17083
-8.17363
-8.17177
-8.17247

