-8.1712
-8.17166
-8.17177
-8.17177
-8.17347
-8.172
-8.17275
-8.16639
-8.16895
-8.16925
-8.17263
-8.17773
-8.17165
-8.1718
-8.172
-8.17197
-8.17197
-8.17263
-8.16965
-8.17339
-8.28605
-8.17193
-8.17128
-8.17178
-8.16957
-8.17242
-8.17237
-8.17191
-8.17594
-8.16922
-8.172
-8.16717
-8.17215
-8.17115
-8.17174
-8.16927
-8.17062
-8.17241
-8.17124
-8.17156
-8.17481
-8.1735
-8.17458
-8.17194
-8.16919
-8.17188
-8.16913
-8.16647
-8.17544
-8.16925
-8.17159
-8.1706
-8.17128
-8.17162
-8.17037
-8.17115
-8.17108
-8.17108
-8.17493
-8.17324
-8.17292
-8.16951
-8.17023
-8.17059
-8.17083
-8.17166
-8.17188
-8.17194
-8.17174
-8.17177
-8.17306
-8.17109
-8.16935
-8.17156
-8.17115
-8.17159
-8.17049
-8.17289
-8.17472
-8.172
-8.17161
-8.17169
-8.17127
-8.172
-8.17207
-8.17159
-8.17292
-8.16986
-8.1725
-8.17091
-8.17023
-8.17099
-8.1736
-8.17084
-8.17251
-8.1715
-8.17484
-8.17484
-8.16752
-8.17277

