-8.17133
-8.17444
-8.1691
-8.16951
-8.17166
-8.17249
-8.17156
-8.17493
-8.16604
-8.17458
-8.17229
-8.17206
-8.17171
-8.17308
-8.17161
-8.19214
-8.17949
-8.31563
-8.17113
-8.17087
-8.17296
-8.17169
-8.16862
-8.17115
-8.17194
-8.1711
-8.17073
-8.17108
-8.17231
-8.17269
-8.17697
-8.1704
-8.17165
-8.17178
-8.17339
-8.17283
-8.17522
-8.17125
-8.17166
-8.17084
-8.1718
-8.17615
-8.1712
-8.17023
-8.17572
-8.17188
-8.17469
-8.17161
-8.16987
-8.17534
-8.17188
-8.16723
-8.17481
-8.17481
-8.17516
-8.17334
-8.15455
-8.1698
-8.17433
-8.17166
-8.17091
-8.17091
-8.1741
-8.17156
-8.16196
-8.17422
-8.17188
-8.17289
-8.17162
-8.17493
-8.17201
-8.16881
-8.17615
-8.1749
-8.17484
-8.16986
-8.17993
-8.17023
-8.17166
-8.17364
-8.17304
-8.17108
-8.16929
-8.17071
-8.17062
-8.17115
-8.16716
-8.17188
-8.17127
-8.17179
-8.17305
-8.17363
-8.17177
-8.17264
-8.17363
-8.16853
-8.16635
-8.17091
-8.17412
-8.17108

