-8.16929
-8.17146
-8.17201
-8.17231
-8.17231
-8.17069
-8.17422
-8.1724
-8.17062
-8.16567
-8.17023
-8.17087
-8.17115
-8.17251
-8.17196
-8.16717
-8.17255
-8.17177
-8.17354
-8.17128
-8.16957
-8.17422
-8.17096
-8.16925
-8.17266
-8.17156
-8.16716
-8.17684
-8.1711
-8.17113
-8.1735
-8.17484
-8.17103
-8.1711
-8.17297
-8.17223
-8.17249
-8.17306
-8.17178
-8.17163
-8.17472
-8.17151
-8.17345
-8.17332
-8.17188
-8.17188
-8.17583
-8.17188
-8.17091
-8.17223
-8.17169
-8.16986
-8.1688
-8.17115
-8.17255
-8.1705
-8.17255
-8.17182
-8.16895
-8.17274
-8.17275
-8.17163
-8.17207
-8.17641
-8.17182
-8.17441
-8.17277
-8.17251
-8.17127
-8.17165
-8.17165
-8.17121
-8.17091
-8.17134
-8.17724
-8.17091
-8.17372
-8.17166
-8.16127
-8.17253
-8.17023
-8.17056
-8.17779
-8.17308
-8.17113
-8.17304
-8.1704
-8.17563
-8.17148
-8.17529
-8.17398
-8.17159
-8.16913
-8.17178
-8.17169
-8.17084
-8.17243
-8.17206
-8.17259
-8.17109

