-8.16635
-8.16862
-8.1718
-8.17314
-8.16117
-8.17166
-8.17345
-8.17178
-8.17223
-8.1741
-8.172
-8.17113
-8.17022
-8.17182
-8.1724
-8.17526
-8.17456
-8.16867
-8.17197
-8.17149
-8.16877
-8.1706
-8.16925
-8.19423
-8.17253
-8.17166
-8.17422
-8.17472
-8.17274
-8.17196
-8.17034
-8.17422
-8.172
-8.17157
-8.16925
-8.15383
-8.17206
-8.16804
-8.17115
-8.16772
-8.17253
-8.16934
-8.17083
-8.16877
-8.17294
-8.17166
-8.17161
-8.17549
-8.17266
-8.17282
-8.17457
-8.17178
-8.17019
-8.16923
-8.1721
-8.17346
-8.17161
-8.17225
-8.1707
-8.17332
-8.17166
-8.1715
-8.17274
-8.17255
-8.17258
-8.17023
-8.16594
-8.16931
-8.17304
-8.17422
-8.17108
-8.17582
-8.17172
-8.17201
-8.1694
-8.17296
-8.17084
-8.16934
-8.17302
-8.17275
-8.17188
-8.17276
-8.17363
-8.17175
-8.18241
-8.17188
-8.17087
-8.17057
-8.17422
-8.17237
-8.17191
-8.16845
-8.17414
-8.17472
-8.17113
-8.17115
-8.17292
-8.17077
-8.16928
-8.16634

