-8.17159
-8.17345
-8.17223
-8.17194
-8.17275
-8.17182
-8.17172
-8.17156
-8.16889
-8.17156
-8.17159
-8.17087
-8.17251
-8.17348
-8.17182
-8.17308
-8.17433
-8.17292
-8.16814
-8.17532
-8.1718
-8.1718
-8.17167
-8.17324
-8.17115
-8.16186
-8.17042
-8.17125
-8.17133
-8.17411
-8.1739
-8.17411
-8.17304
-8.17161
-8.17901
-8.16639
-8.17197
-8.17103
-8.17099
-8.17472
-8.17548
-8.17115
-8.17133
-8.16867
-8.16853
-8.17178
-8.1715
-8.17188
-8.16857
-8.17469
-8.1694
-8.17204
-8.1745
-8.17027
-8.17086
-8.16689
-8.17166
-8.16925
-8.1741
-8.16938
-8.17436
-8.17304
-8.17402
-8.17188
-8.17484
-8.17258
-8.17421
-8.16718
-8.17174
-8.17083
-8.17108
-8.17137
-8.167
-8.18193
-8.17274
-8.17103
-8.16942
-8.1706
-8.17304
-8.17548
-8.17182
-8.1727
-8.16929
-8.17263
-8.17188
-8.17433
-8.17353
-8.17275
-8.16821
-8.17455
-8.17055
-8.17522
-8.17125
-8.16991
-8.17166
-8.17156
-8.17375
-8.17028
-8.1716
-8.17127

