-8.17484
-8.1721
-8.1671
-8.17276
-8.17264
-8.17468
-8.16859
-8.1749
-8.16925
-8.16544
-8.17171
-8.17113
-8.17346
-8.17302
-8.17099
-8.17548
-8.17178
-8.16833
-8.17156
-8.16922
-8.17858
-8.17188
-8.17237
-8.17292
-8.17249
-8.17163
-8.16973
-8.17182
-8.16717
-8.1686
-8.17269
-8.17274
-8.17354
-8.17188
-8.17023
-8.17059
-8.17171
-8.17124
-8.17454
-8.16927
-8.17468
-8.16987
-8.17529
-8.17188
-8.16708
-8.17266
-8.17292
-8.17156
-8.17242
-8.17073
-8.17274
-8.172
-8.17123
-8.16717
-8.17087
-8.17087
-8.17182
-8.16721
-8.17241
-8.17127
-8.17259
-8.17166
-8.17177
-8.1736
-8.17583
-8.1732
-8.1715
-8.17062
-8.17229
-8.1718
-8.17348
-8.17165
-8.1724
-8.1691
-8.17084
-8.17182
-8.16708
-8.17153
-8.17261
-8.17414
-8.17472
-8.17162
-8.17216
-8.1731
-8.17156
-8.17529
-8.1705
-8.17172
-8.17493
-8.17486
-8.17283
-8.17258
-8.17127
-8.17035
-8.17165
-8.17156
-8.17472
-8.17194
-8.17142
-8.17237

