-8.1658
-8.17558
-8.17182
-8.17406
-8.17269
-8.17559
-8.17109
-8.17455
-8.17156
-8.16973
-8.17162
-8.17345
-8.17174
-8.1715
-8.17259
-8.17289
-8.17275
-8.17292
-8.17023
-8.19841
-8.17253
-8.17253
-8.17166
-8.17133
-8.17164
-8.17592
-8.16515
-8.17047
-8.17255
-8.17021
-8.17174
-8.17162
-8.17311
-8.17308
-8.17276
-8.17171
-8.17133
-8.17133
-8.17594
-8.17073
-8.17188
-8.17128
-8.16636
-8.17142
-8.17306
-8.1732
-8.17643
-8.17347
-8.17229
-8.17006
-8.17027
-8.1724
-8.17128
-8.17259
-8.16923
-8.17261
-8.17585
-8.16117
-8.1658
-8.17255
-8.17177
-8.16951
-8.17643
-8.17148
-8.17178
-8.17773
-8.1721
-8.17276
-8.17302
-8.17429
-8.17073
-8.17115
-8.17304
-8.17444
-8.17105
-8.17345
-8.17261
-8.1741
-8.17188
-8.1736
-8.16961
-8.16893
-8.17267
-8.17159
-8.17207
-8.17077
-8.17411
-8.17084
-8.17174
-8.17289
-8.17433
-8.17187
-8.17174
-8.17021
-8.17458
-8.17458
-8.1724
-8.17345
-8.17166
-8.17306

