-8.17115
-8.17159
-8.17274
-8.172
-8.17161
-8.17294
-8.17115
-8.17855
-8.17023
-8.16804
-8.17023
-8.1694
-8.17174
-8.17182
-8.17055
-8.16721
-8.17153
-8.17545
-8.17719
-8.17103
-8.1724
-8.17433
-8.17415
-8.17304
-8.17073
-8.16986
-8.17411
-8.17306
-8.17308
-8.17178
-8.1737
-8.17023
-8.17062
-8.17259
-8.17269
-8.16704
-8.17178
-8.18467
-8.17059
-8.17041
-8.17174
-8.17279
-8.16577
-8.16455
-8.17279
-8.17021
-8.17436
-8.18005
-8.17188
-8.17304
-8.17473
-8.17236
-8.17308
-8.17276
-8.17146
-8.17949
-8.17253
-8.16886
-8.17156
-8.17313
-8.17364
-8.17411
-8.16716
-8.17279
-8.17332
-8.17346
-8.17231
-8.17345
-8.17239
-8.17188
-8.17484
-8.17805
-8.17127
-8.17484
-8.17455
-8.17481
-8.17474
-8.17094
-8.17476
-8.1694
-8.16862
-8.17306
-8.17231
-8.17092
-8.17174
-8.17166
-8.17023
-8.17077
-8.17231
-8.17456
-8.16925
-8.17197
-8.16925
-8.16636
-8.17165
-8.17526
-8.17084
-8.17203
-8.17113
-8.17027

