-8.17071
-8.17206
-8.17034
-8.17178
-8.17569
-8.17047
-8.17346
-8.17166
-8.1724
-8.17197
-8.16928
-8.16716
-8.17433
-8.17177
-8.17161
-8.17163
-8.17128
-8.17166
-8.17109
-8.17001
-8.17243
-8.17206
-8.17069
-8.17332
-8.17237
-8.17308
-8.17328
-8.17033
-8.17125
-8.17142
-8.17188
-8.17108
-8.22357
-8.17099
-8.17276
-8.17175
-8.17115
-8.17231
-8.17231
-8.17194
-8.17166
-8.1705
-8.17249
-8.17304
-8.17128
-8.17516
-8.17099
-8.17498
-8.16927
-8.1731
-8.16591
-8.16877
-8.17108
-8.17328
-8.1698
-8.17166
-8.17289
-8.17308
-8.17258
-8.17127
-8.17334
-8.17304
-8.17087
-8.1725
-8.17021
-8.17127
-8.1741
-8.17472
-8.17264
-8.17547
-8.17194
-8.1724
-8.17916
-8.1737
-8.17216
-8.17359
-8.17253
-8.17481
-8.1721
-8.1731
-8.17375
-8.17433
-8.17249
-8.17159
-8.17019
-8.17124
-8.17166
-8.17166
-8.17304
-8.17468
-8.17304
-8.1761
-8.17289
-8.1735
-8.17257
-8.17055
-8.17188
-8.17083
-8.17269
-8.17149

