-8.17267
-8.16925
-8.17021
-8.17247
-8.17347
-8.17166
-8.16951
-8.17083
-8.17422
-8.17034
-8.17414
-8.16938
-8.17569
-8.17345
-8.17174
-8.16957
-8.17087
-8.17115
-8.16986
-8.17516
-8.17115
-8.17302
-8.17178
-8.17469
-8.17283
-8.16951
-8.17103
-8.17324
-8.17166
-8.17159
-8.17567
-8.17448
-8.17484
-8.17182
-8.16913
-8.17529
-8.17496
-8.17276
-8.17103
-8.17108
-8.17264
-8.17093
-8.17406
-8.15996
-8.17096
-8.17133
-8.17412
-8.17433
-8.17216
-8.17163
-8.17175
-8.17563
-8.17174
-8.16544
-8.17142
-8.17108
-8.17151
-8.17263
-8.17448
-8.17259
-8.17243
-8.17021
-8.17251
-8.16991
-8.17458
-8.16862
-8.17411
-8.1741
-8.17105
-8.17308
-8.17174
-8.16934
-8.1741
-8.17484
-8.17481
-8.17084
-8.17162
-8.16987
-8.17516
-8.17162
-8.17243
-8.17159
-8.24176
-8.17166
-8.17216
-8.17084
-8.17062
-8.17049
-8.17134
-8.1735
-8.1658
-8.17163
-8.17491
-8.17153
-8.17188
-8.17166
-8.16918
-8.17468
-8.17211
-8.17115

