-8.17128
-8.16877
-8.17087
-8.16822
-8.17308
-8.17542
-8.17023
-8.17159
-8.17206
-8.1736
-8.17304
-8.17161
-8.17249
-8.17787
-8.16862
-8.17077
-8.17395
-8.17159
-8.17009
-8.17251
-8.17472
-8.17448
-8.17263
-8.17162
-8.17478
-8.17456
-8.17548
-8.17707
-8.17274
-8.17115
-8.17091
-8.17275
-8.1736
-8.17259
-8.1547
-8.16636
-8.17484
-8.17433
-8.17253
-8.17239
-8.17071
-8.17231
-8.18184
-8.17009
-8.17567
-8.17196
-8.17087
-8.17104
-8.17159
-8.17292
-8.17348
-8.17203
-8.17156
-8.17285
-8.17215
-8.17215
-8.17161
-8.17162
-8.17237
-8.17099
-8.17194
-8.17237
-8.17166
-8.17127
-8.17259
-8.17289
-8.17476
-8.1715
-8.17172
-8.16723
-8.1724
-8.17231
-8.17115
-8.17087
-8.17162
-8.17431
-8.16959
-8.16497
-8.17348
-8.17476
-8.17275
-8.17421
-8.17188
-8.17303
-8.17255
-8.17187
-8.17264
-8.16639
-8.17159
-8.1718
-8.17345
-8.17023
-8.17062
-8.1705
-8.17023
-8.17294
-8.17188
-8.17169
-8.17308
-8.17022

