-8.17289
-8.16886
-8.1741
-8.17123
-8.17359
-8.16927
-8.17422
-8.17188
-8.1716
-8.17251
-8.17363
-8.17239
-8.17243
-8.17037
-8.17334
-8.15914
-8.17546
-8.17198
-8.17105
-8.1705
-8.17334
-8.17174
-8.17346
-8.17166
-8.17163
-8.17304
-8.16857
-8.17087
-8.17304
-8.17276
-8.17201
-8.17115
-8.17207
-8.17023
-8.1694
-8.17233
-8.17297
-8.16877
-8.17065
-8.17585
-8.17458
-8.17119
-8.17458
-8.17269
-8.16925
-8.18234
-8.17344
-8.16515
-8.17261
-8.17187
-8.17276
-8.17188
-8.17255
-8.17344
-8.16951
-8.1691
-8.17023
-8.17255
-8.1691
-8.17166
-8.17127
-8.17216
-8.16881
-8.17062
-8.17324
-8.17188
-8.16829
-8.17237
-8.17647
-8.17165
-8.17431
-8.17308
-8.17084
-8.17359
-8.16889
-8.17167
-8.1711
-8.16978
-8.17134
-8.1706
-8.17213
-8.17519
-8.17306
-8.17554
-8.16913
-8.17166
-8.17108
-8.17109
-8.17188
-8.16862
-8.1733
-8.17166
-8.17339
-8.17175
-8.17019
-8.17113
-8.17433
-8.17345
-8.17458
-8.17162

