-8.17472
-8.17243
-8.17266
-8.17279
-8.17057
-8.17529
-8.16209
-8.17099
-8.17548
-8.17519
-8.16857
-8.17113
-8.17027
-8.16886
-8.17223
-8.17169
-8.17069
-8.16723
-8.17162
-8.17023
-8.17433
-8.1718
-8.1727
-8.1736
-8.17279
-8.17277
-8.17166
-8.17275
-8.17119
-8.17019
-8.16925
-8.17294
-8.17162
-8.17251
-8.17254
-8.17839
-8.16717
-8.17156
-8.17188
-8.17108
-8.1712
-8.17134
-8.17162
-8.17084
-8.17882
-8.17115
-8.17274
-8.17276
-8.17277
-8.16604
-8.1737
-8.17519
-8.17207
-8.17468
-8.17108
-8.17203
-8.17103
-8.17166
-8.16922
-8.17207
-8.17283
-8.17536
-8.18193
-8.17084
-8.17174
-8.17188
-8.17347
-8.17277
-8.17169
-8.17113
-8.17156
-8.17009
-8.17334
-8.17105
-8.16203
-8.17292
-8.17159
-8.17086
-8.17086
-8.17041
-8.17019
-8.17283
-8.17108
-8.17188
-8.16942
-8.1706
-8.1725
-8.17165
-8.16929
-8.17115
-8.16934
-8.12887
-8.16961
-8.17103
-8.17177
-8.17146
-8.17283
-8.17249
-8.1749
-8.17128

