-8.17425
-8.17292
-8.17023
-8.17091
-8.17023
-8.17314
-8.17455
-8.17704
-8.17253
-8.17156
-8.16723
-8.17519
-8.17548
-8.17276
-8.17263
-8.17274
-8.16867
-8.17203
-8.17241
-8.1724
-8.17264
-8.1733
-8.17296
-8.17229
-8.17216
-8.17188
-8.17115
-8.17526
-8.17448
-8.17324
-8.17276
-8.17791
-8.16928
-8.17133
-8.17417
-8.17164
-8.17592
-8.17169
-8.17407
-8.16704
-8.17037
-8.17161
-8.17115
-8.16987
-8.17156
-8.17037
-8.1736
-8.17421
-8.17414
-8.16717
-8.1718
-8.16886
-8.17507
-8.12867
-8.17433
-8.17151
-8.17023
-8.17251
-8.17087
-8.17278
-8.17104
-8.17526
-8.17223
-8.17086
-8.17304
-8.17534
-8.17264
-8.17448
-8.1713
-8.17108
-8.17306
-8.17005
-8.17119
-8.17398
-8.17188
-8.1688
-8.17411
-8.17308
-8.17306
-8.17161
-8.17166
-8.1721
-8.17166
-8.17165
-8.17073
-8.17563
-8.17481
-8.17421
-8.17398
-8.19934
-8.17422
-8.17416
-8.17156
-8.17469
-8.17087
-8.17433
-8.17178
-8.17304
-8.16959
-8.17134

