-8.17433
-8.1741
-8.17023
-8.17161
-8.17174
-8.17037
-8.17174
-8.17445
-8.17274
-8.1718
-8.16923
-8.17108
-8.17332
-8.17237
-8.16988
-8.17196
-8.17468
-8.17458
-8.1713
-8.17236
-8.17128
-8.17241
-8.17177
-8.17194
-8.17472
-8.17236
-8.17269
-8.1691
-8.17019
-8.16959
-8.18347
-8.17372
-8.17257
-8.17166
-8.18161
-8.17422
-8.17179
-8.17251
-8.17345
-8.17115
-8.17163
-8.17182
-8.17263
-8.18341
-8.16708
-8.17422
-8.16927
-8.17484
-8.17308
-8.17302
-8.16927
-8.17481
-8.1724
-8.17166
-8.17433
-8.17289
-8.17156
-8.1705
-8.17172
-8.17433
-8.17569
-8.17178
-8.1711
-8.17456
-8.17599
-8.17142
-8.17115
-8.16635
-8.16876
-8.16862
-8.17266
-8.16805
-8.1707
-8.17263
-8.15867
-8.17182
-8.17516
-8.17137
-8.17239
-8.17099
-8.17345
-8.17259
-8.17174
-8.17422
-8.17049
-8.17159
-8.1721
-8.17433
-8.16654
-8.17173
-8.17276
-8.17177
-8.17481
-8.17264
-8.17324
-8.17579
-8.17237
-8.17345
-8.17194
-8.17099

