-8.17166
-8.1707
-8.17253
-8.17108
-8.17545
-8.17491
-8.16934
-8.17159
-8.17277
-8.17187
-8.17037
-8.17071
-8.17162
-8.1731
-8.17077
-8.17091
-8.17363
-8.17421
-8.17128
-8.16942
-8.17108
-8.17592
-8.17345
-8.1713
-8.1691
-8.16934
-8.17087
-8.16931
-8.17091
-8.16639
-8.17292
-8.1711
-8.17306
-8.17158
-8.17458
-8.17161
-8.17087
-8.17115
-8.17091
-8.17115
-8.17223
-8.17223
-8.16991
-8.16913
-8.17156
-8.17207
-8.17345
-8.17169
-8.17083
-8.17115
-8.17157
-8.17062
-8.17274
-8.17697
-8.16942
-8.17103
-8.17083
-8.16537
-8.17179
-8.17156
-8.17292
-8.17283
-8.17166
-8.17087
-8.17237
-8.17243
-8.17223
-8.16929
-8.17166
-8.17289
-8.17229
-8.17197
-8.17042
-8.17022
-8.17165
-8.17162
-8.17115
-8.17027
-8.17526
-8.17103
-8.17159
-8.1735
-8.17027
-8.16895
-8.17169
-8.17201
-8.17162
-8.17162
-8.17023
-8.17458
-8.17128
-8.17059
-8.17161
-8.17057
-8.17455
-8.17156
-8.1731
-8.17128
-8.17231
-8.17133

