-8.16953
-8.17084
-8.17253
-8.17178
-8.16704
-8.17188
-8.17398
-8.17033
-8.16613
-8.16862
-8.17417
-8.17411
-8.17133
-8.17303
-8.17194
-8.16511
-8.17207
-8.17033
-8.16537
-8.17433
-8.17033
-8.17313
-8.172
-8.16708
-8.17163
-8.1735
-8.18081
-8.1724
-8.17099
-8.17583
-8.16269
-8.16925
-8.17193
-8.17583
-8.17125
-8.17108
-8.17142
-8.16534
-8.17166
-8.17241
-8.17033
-8.17308
-8.16957
-8.17223
-8.17124
-8.17308
-8.1691
-8.17255
-8.17184
-8.17113
-8.17243
-8.17033
-8.17313
-8.17159
-8.17839
-8.17115
-8.17289
-8.17103
-8.17201
-8.16986
-8.1686
-8.17259
-8.17179
-8.17051
-8.17157
-8.17196
-8.17115
-8.16935
-8.17536
-8.1712
-8.17137
-8.1694
-8.25685
-8.1698
-8.1799
-8.17137
-8.17303
-8.17169
-8.16623
-8.1715
-8.17247
-8.17542
-8.15996
-8.1732
-8.17201
-8.17174
-8.16972
-8.16635
-8.17196
-8.17283
-8.17103
-8.17563
-8.17534
-8.16876
-8.16454
-8.17346
-8.17193
-8.16973
-8.17481
-8.17051

