-8.17165
-8.17308
-8.17472
-8.17264
-8.17402
-8.1731
-8.17119
-8.17304
-8.16636
-8.17594
-8.17115
-8.17128
-8.17159
-8.17678
-8.16928
-8.1698
-8.17241
-8.17175
-8.17057
-8.16982
-8.16946
-8.17263
-8.17276
-8.17006
-8.17149
-8.1731
-8.17115
-8.17364
-8.16196
-8.1756
-8.16987
-8.17647
-8.17023
-8.17151
-8.17165
-8.17239
-8.16716
-8.17458
-8.17204
-8.17456
-8.17433
-8.17159
-8.17006
-8.1736
-8.1731
-8.1715
-8.17188
-8.17163
-8.17289
-8.17177
-8.1671
-8.17524
-8.1736
-8.17421
-8.17615
-8.1735
-8.17259
-8.17282
-8.17339
-8.1698
-8.17643
-8.17172
-8.1733
-8.17142
-8.17296
-8.17133
-8.17115
-8.17444
-8.16922
-8.17161
-8.17412
-8.17411
-8.17133
-8.17086
-8.17027
-8.17115
-8.1715
-8.17275
-8.17426
-8.17266
-8.17194
-8.17006
-8.17115
-8.16822
-8.17276
-8.17177
-8.16534
-8.17433
-8.17249
-8.17091
-8.16822
-8.17308
-8.17308
-8.17231
-8.17113
-8.16639
-8.17431
-8.17275
-8.17274
-8.16867

