-8.17274
-8.1693
-8.17156
-8.17306
-8.17165
-8.17156
-8.17345
-8.1725
-8.17084
-8.17255
-8.17421
-8.17161
-8.17201
-8.17167
-8.17203
-8.17103
-8.17594
-8.17548
-8.17304
-8.17251
-8.17372
-8.17296
-8.17296
-8.17306
-8.17165
-8.16833
-8.17165
-8.17242
-8.17166
-8.17023
-8.17166
-8.1718
-8.17201
-8.1716
-8.17103
-8.17411
-8.17151
-8.17259
-8.17243
-8.1736
-8.17182
-8.17309
-8.17161
-8.17177
-8.17276
-8.17787
-8.16957
-8.17165
-8.1732
-8.17412
-8.17304
-8.16929
-8.17229
-8.17583
-8.17119
-8.17308
-8.17178
-8.17142
-8.17142
-8.17276
-8.16965
-8.17359
-8.17216
-8.17334
-8.17162
-8.1721
-8.17133
-8.1724
-8.17133
-8.16931
-8.17142
-8.16577
-8.17188
-8.17182
-8.17592
-8.16862
-8.17417
-8.17296
-8.1712
-8.17393
-8.17448
-8.17308
-8.17166
-8.17091
-8.17382
-8.17433
-8.17682
-8.1721
-8.16925
-8.1761
-8.17128
-8.17157
-8.17115
-8.16635
-8.17526
-8.17926
-8.17127
-8.17359
-8.17462
-8.17127

