-8.17304
-8.17108
-8.17108
-8.17306
-8.17206
-8.17197
-8.17493
-8.17166
-8.17159
-8.16903
-8.1713
-8.16988
-8.17162
-8.17169
-8.17103
-8.1712
-8.17182
-8.16716
-8.17023
-8.17115
-8.17411
-8.1715
-8.17188
-8.17264
-8.17171
-8.17166
-8.1705
-8.17266
-8.17243
-8.17478
-8.17317
-8.17247
-8.15383
-8.1711
-8.17328
-8.17395
-8.16991
-8.1711
-8.17484
-8.17099
-8.17231
-8.1686
-8.18243
-8.17739
-8.17142
-8.17306
-8.17594
-8.17275
-8.18222
-8.17037
-8.17037
-8.17259
-8.17021
-8.17023
-8.17151
-8.17455
-8.172
-8.16103
-8.17582
-8.17161
-8.17151
-8.17163
-8.1694
-8.17182
-8.16708
-8.17121
-8.17174
-8.17128
-8.1718
-8.17115
-8.17108
-8.17306
-8.17178
-8.17311
-8.17128
-8.17554
-8.16646
-8.17433
-8.17092
-8.17334
-8.16857
-8.1671
-8.17468
-8.17021
-8.17458
-8.16713
-8.17457
-8.17524
-8.17092
-8.17251
-8.17255
-8.17422
-8.17297
-8.17276
-8.17019
-8.17023
-8.17022
-8.1698
-8.17292
-8.17027

