-8.17159
-8.16987
-8.17398
-8.17572
-8.17197
-8.16853
-8.17206
-8.17498
-8.17162
-8.17243
-8.17175
-8.17007
-8.1745
-8.17023
-8.17006
-8.17042
-8.17317
-8.17253
-8.17372
-8.17023
-8.17279
-8.17177
-8.17308
-8.17162
-8.17084
-8.17161
-8.17177
-8.17197
-8.17289
-8.16225
-8.17719
-8.17194
-8.16934
-8.17125
-8.17007
-8.172
-8.16716
-8.172
-8.17188
-8.17669
-8.17023
-8.17223
-8.17103
-8.17469
-8.27435
-8.17066
-8.17163
-8.17115
-8.1735
-8.17182
-8.17167
-8.17188
-8.17355
-8.17276
-8.1705
-8.17251
-8.17302
-8.17363
-8.1724
-8.17131
-8.16991
-8.17469
-8.17004
-8.17115
-8.17534
-8.17244
-8.17104
-8.17283
-8.17269
-8.1691
-8.1705
-8.16881
-8.17196
-8.17481
-8.17007
-8.16918
-8.17455
-8.17456
-8.17594
-8.17236
-8.17231
-8.17263
-8.17142
-8.17156
-8.2259
-8.17241
-8.17033
-8.1742
-8.17448
-8.17059
-8.17182
-8.1737
-8.17037
-8.17215
-8.1713
-8.17243
-8.17041
-8.17274
-8.17196
-8.17175

