-8.17539
-8.17543
-8.17556
-8.18509
-8.1754
-8.17587
-8.17536
-8.17544
-8.17512
-8.17495
-8.17548
-8.17549
-8.17547
-8.17557
-8.18538
-8.17549
-8.17549
-8.17549
-8.17549
-8.18496
-8.17528
-8.17547
-8.17557
-8.18774
-8.17543
-8.17428
-8.17548
-8.17539
-8.17549
-8.17578
-8.1755
-8.17543
-8.1755
-8.18545
-8.17551
-8.17549
-8.17549
-8.17547
-8.17547
-8.17547
-8.17495
-8.17557
-8.18538
-8.17528
-8.17553
-8.17547
-8.17578
-8.17535
-8.17527
-8.18542
-8.17551
-8.17448
-8.17547
-8.17505
-8.17514
-8.1822
-8.17543
-8.1754
-8.1746
-8.17448
-8.17553
-8.17547
-8.17547
-8.17557
-8.17428
-8.17539
-8.17548
-8.17428
-8.17539
-8.17512
-8.17548
-8.17548
-8.17548
-8.17548
-8.1755
-8.1755
-8.17538
-8.17672
-8.17528
-8.17535
-8.17549
-8.17537
-8.18765
-8.17549
-8.17549
-8.17532
-8.17547
-8.17547
-8.17547
-8.17549
-8.17547
-8.17578
-8.17544
-8.17536
-8.17544
-8.1754
-8.17547
-8.17571
-8.17543
-8.1755

