-8.17549
-8.17549
-8.17549
-8.17556
-8.17533
-8.17533
-8.17537
-8.17547
-8.17547
-8.17596
-8.17535
-8.17578
-8.18554
-8.17535
-8.17543
-8.17536
-8.17548
-8.17536
-8.17553
-8.17539
-8.18542
-8.18627
-8.17543
-8.18765
-8.17549
-8.17533
-8.17549
-8.17547
-8.17539
-8.1755
-8.17539
-8.1755
-8.1755
-8.1755
-8.18486
-8.17544
-8.19462
-8.17543
-8.17548
-8.17549
-8.17548
-8.17512
-8.17548
-8.17548
-8.17548
-8.17548
-8.17548
-8.175
-8.17548
-8.18562
-8.175
-8.17544
-8.17539
-8.17525
-8.17536
-8.18421
-8.17557
-8.17547
-8.17528
-8.17685
-8.17528
-8.17547
-8.17533
-8.17503
-8.17537
-8.17549
-8.17551
-8.17549
-8.17551
-8.17549
-8.19888
-8.17547
-8.17547
-8.17547
-8.17547
-8.17547
-8.17547
-8.17517
-8.17544
-8.17548
-8.17514
-8.17548
-8.17539
-8.18615
-8.17538
-8.17543
-8.1755
-8.1755
-8.17543
-8.17551
-8.17547
-8.17549
-8.17596
-8.17547
-8.17557
-8.17524
-8.18564
-8.17548
-8.17587
-8.1861

