-8.17578
-8.17547
-8.17505
-8.17557
-8.17549
-8.17615
-8.17548
-8.17533
-8.17549
-8.17549
-8.17495
-8.17547
-8.17538
-8.17593
-8.17549
-8.17549
-8.17562
-8.17537
-8.17551
-8.17549
-8.17532
-8.17528
-8.17528
-8.17547
-8.17553
-8.17547
-8.17547
-8.17528
-8.17547
-8.17547
-8.17547
-8.17547
-8.17672
-8.17553
-8.17547
-8.17557
-8.17553
-8.17544
-8.17556
-8.17543
-8.17546
-8.17568
-8.17544
-8.17536
-8.18879
-8.1755
-8.17537
-8.17549
-8.17547
-8.17524
-8.17547
-8.17557
-8.17524
-8.17544
-8.1822
-8.18542
-8.1755
-8.17576
-8.17584
-8.1755
-8.18538
-8.1755
-8.1756
-8.17539
-8.1754
-8.1755
-8.17546
-8.17548
-8.17539
-8.18774
-8.17533
-8.17549
-8.17549
-8.17549
-8.17549
-8.17562
-8.1853
-8.1747
-8.17596
-8.17547
-8.17547
-8.17547
-8.18628
-8.18305
-8.17538
-8.17547
-8.17528
-8.17547
-8.17528
-8.1755
-8.17544
-8.17544
-8.17547
-8.17547
-8.17557
-8.17593
-8.17539
-8.17536
-8.1756
-8.17551

