-8.17532
-8.17557
-8.17551
-8.17575
-8.1755
-8.17549
-8.17548
-8.17544
-8.17551
-8.17543
-8.1755
-8.1755
-8.1755
-8.17539
-8.1755
-8.17539
-8.17555
-8.18349
-8.17539
-8.1755
-8.17525
-8.1755
-8.17543
-8.17547
-8.17539
-8.17539
-8.17539
-8.17539
-8.1755
-8.1755
-8.1755
-8.1755
-8.17527
-8.17651
-8.17547
-8.1755
-8.1755
-8.17499
-8.18869
-8.17515
-8.17539
-8.1755
-8.1754
-8.1755
-8.17548
-8.17536
-8.17548
-8.17548
-8.18396
-8.1859
-8.1755
-8.17546
-8.17598
-8.17547
-8.17547
-8.19748
-8.17551
-8.17547
-8.17549
-8.1835
-8.17547
-8.17528
-8.17547
-8.17539
-8.1755
-8.19914
-8.1755
-8.1755
-8.18539
-8.17544
-8.1861
-8.17533
-8.17548
-8.17539
-8.17548
-8.17548
-8.17548
-8.17549
-8.18741
-8.18747
-8.17536
-8.17536
-8.17544
-8.17576
-8.17543
-8.1755
-8.17486
-8.18765
-8.17549
-8.17532
-8.17538
-8.17547
-8.17547
-8.17547
-8.17548
-8.17536
-8.17548
-8.19252
-8.17543
-8.1755

