-8.17551
-8.17532
-8.17547
-8.17557
-8.17557
-8.17571
-8.17553
-8.17553
-8.17535
-8.17537
-8.17556
-8.17551
-8.17549
-8.17578
-8.17547
-8.17528
-8.17553
-8.17567
-8.17547
-8.17549
-8.17549
-8.17549
-8.17537
-8.1755
-8.17547
-8.17533
-8.18302
-8.1754
-8.1755
-8.1755
-8.17548
-8.17548
-8.17525
-8.17514
-8.17548
-8.17548
-8.17539
-8.1755
-8.17543
-8.17551
-8.17533
-8.17549
-8.17551
-8.17533
-8.17536
-8.19827
-8.17539
-8.1755
-8.1754
-8.1755
-8.17551
-8.17549
-8.17549
-8.17549
-8.17527
-8.17549
-8.17535
-8.17547
-8.17444
-8.1752
-8.17587
-8.17647
-8.17539
-8.18562
-8.17615
-8.17547
-8.17533
-8.1755
-8.1755
-8.1755
-8.1755
-8.1755
-8.1755
-8.1755
-8.1755
-8.1755
-8.17543
-8.1755
-8.17543
-8.18542
-8.17543
-8.17549
-8.17549
-8.17549
-8.17549
-8.17573
-8.17578
-8.17549
-8.17549
-8.17549
-8.17549
-8.17549
-8.17551
-8.20487
-8.17495
-8.17538
-8.18747
-8.17538
-8.17528
-8.17557

