-8.17551
-8.17549
-8.17547
-8.1755
-8.17512
-8.18615
-8.17547
-8.17547
-8.17538
-8.17544
-8.17587
-8.18747
-8.17538
-8.17554
-8.17537
-8.17549
-8.17573
-8.17528
-8.17548
-8.17544
-8.17544
-8.18142
-8.17551
-8.17646
-8.18538
-8.17528
-8.17553
-8.17578
-8.17538
-8.17548
-8.17657
-8.18751
-8.17548
-8.17548
-8.17544
-8.18542
-8.17547
-8.17548
-8.17548
-8.17548
-8.17525
-8.19899
-8.17548
-8.17548
-8.17544
-8.17587
-8.17548
-8.17551
-8.1755
-8.17539
-8.1755
-8.17539
-8.1755
-8.17539
-8.17559
-8.1755
-8.17643
-8.17539
-8.17551
-8.17535
-8.17547
-8.17547
-8.17548
-8.17548
-8.17539
-8.18444
-8.17544
-8.17576
-8.1754
-8.18538
-8.18598
-8.17536
-8.17547
-8.18556
-8.17549
-8.18626
-8.18539
-8.17548
-8.17548
-8.17536
-8.17536
-8.17512
-8.17525
-8.17544
-8.17548
-8.17525
-8.23021
-8.18741
-8.18741
-8.1861
-8.17544
-8.19904
-8.17536
-8.17547
-8.17547
-8.18549
-8.17547
-8.17548
-8.175
-8.17525

