-8.17548
-8.17539
-8.17553
-8.18539
-8.17547
-8.17553
-8.17609
-8.17428
-8.17512
-8.17539
-8.17548
-8.17551
-8.17548
-8.17539
-8.1755
-8.17539
-8.1755
-8.17543
-8.17539
-8.17539
-8.1755
-8.19914
-8.1754
-8.17543
-8.17546
-8.1754
-8.17539
-8.1755
-8.1755
-8.1755
-8.17576
-8.17533
-8.17533
-8.17549
-8.17533
-8.17549
-8.17547
-8.17571
-8.17488
-8.1755
-8.18538
-8.17548
-8.17544
-8.17548
-8.17548
-8.17548
-8.17548
-8.18793
-8.17547
-8.17547
-8.17547
-8.17548
-8.17501
-8.17551
-8.17549
-8.17551
-8.17549
-8.17646
-8.17533
-8.17551
-8.17647
-8.1752
-8.17549
-8.17549
-8.17533
-8.17551
-8.17556
-8.17542
-8.17547
-8.17547
-8.17547
-8.18626
-8.18431
-8.17536
-8.17539
-8.17549
-8.17548
-8.17536
-8.17548
-8.17539
-8.17547
-8.17538
-8.17549
-8.17543
-8.1754
-8.1755
-8.1755
-8.1755
-8.17656
-8.1755
-8.1755
-8.1755
-8.17551
-8.17571
-8.1755
-8.1754
-8.17543
-8.17548
-8.17548
-8.17544

