-8.17547
-8.17547
-8.17547
-8.17547
-8.17547
-8.17547
-8.17548
-8.17548
-8.17548
-8.17381
-8.17547
-8.17547
-8.17547
-8.17528
-8.17553
-8.17557
-8.17547
-8.17549
-8.17528
-8.17553
-8.17547
-8.18663
-8.18751
-8.17557
-8.17537
-8.17549
-8.17553
-8.17547
-8.17553
-8.17547
-8.17547
-8.18484
-8.17536
-8.17539
-8.17539
-8.17525
-8.17536
-8.17528
-8.17557
-8.17538
-8.17538
-8.17524
-8.17524
-8.17553
-8.17547
-8.17549
-8.17547
-8.17547
-8.17547
-8.17547
-8.17547
-8.17547
-8.17533
-8.17536
-8.17542
-8.17525
-8.1754
-8.1754
-8.18486
-8.17544
-8.17544
-8.17547
-8.175
-8.17539
-8.17548
-8.17584
-8.1755
-8.17536
-8.17536
-8.18438
-8.17584
-8.17543
-8.1754
-8.17647
-8.18509
-8.17548
-8.17548
-8.17548
-8.17548
-8.17544
-8.17514
-8.17548
-8.17548
-8.17548
-8.17548
-8.18711
-8.17584
-8.17539
-8.1754
-8.18498
-8.18539
-8.17543
-8.17548
-8.17548
-8.18556
-8.17584
-8.17543
-8.18472
-8.17547
-8.1754

