-8.17539
-8.1755
-8.17539
-8.18539
-8.17524
-8.17547
-8.17528
-8.17596
-8.17547
-8.17547
-8.17547
-8.17547
-8.17547
-8.17535
-8.17549
-8.17547
-8.1755
-8.17546
-8.18542
-8.17549
-8.17551
-8.18532
-8.17537
-8.17657
-8.17548
-8.17543
-8.17558
-8.17544
-8.18539
-8.17587
-8.17538
-8.17528
-8.17525
-8.17543
-8.1755
-8.1755
-8.18538
-8.17548
-8.18804
-8.17548
-8.17536
-8.17423
-8.17497
-8.17549
-8.1755
-8.17544
-8.17536
-8.17548
-8.17536
-8.18539
-8.17576
-8.17549
-8.17547
-8.17551
-8.17553
-8.17547
-8.18564
-8.18538
-8.18538
-8.17549
-8.17549
-8.17549
-8.17549
-8.17533
-8.1752
-8.17549
-8.17549
-8.17533
-8.17549
-8.17497
-8.17544
-8.17544
-8.17539
-8.17525
-8.1755
-8.17515
-8.17543
-8.17539
-8.17547
-8.17543
-8.17539
-8.17547
-8.17539
-8.1754
-8.17532
-8.17547
-8.17538
-8.17549
-8.17535
-8.17532
-8.17547
-8.17557
-8.1756
-8.17544
-8.17547
-8.17547
-8.17548
-8.17548
-8.17512
-8.17548

