-8.18116
-8.1755
-8.17551
-8.17549
-8.17533
-8.17547
-8.17547
-8.17547
-8.17547
-8.17557
-8.17532
-8.17547
-8.17553
-8.17672
-8.17553
-8.17551
-8.17533
-8.17672
-8.17503
-8.17596
-8.17448
-8.17547
-8.17533
-8.17547
-8.1755
-8.1755
-8.17546
-8.18542
-8.17543
-8.17536
-8.17544
-8.17536
-8.17539
-8.17548
-8.19405
-8.17548
-8.1873
-8.17503
-8.17536
-8.17548
-8.17587
-8.19899
-8.17551
-8.17539
-8.1755
-8.1756
-8.1755
-8.17616
-8.17539
-8.17539
-8.17598
-8.17548
-8.17548
-8.17551
-8.17551
-8.17549
-8.17544
-8.17547
-8.17578
-8.1754
-8.17533
-8.18435
-8.1755
-8.1755
-8.1755
-8.1755
-8.1755
-8.17573
-8.17533
-8.17568
-8.17528
-8.17547
-8.17542
-8.17549
-8.17549
-8.17571
-8.17549
-8.17551
-8.17547
-8.17547
-8.18741
-8.17544
-8.17536
-8.17536
-8.17548
-8.17525
-8.17512
-8.17553
-8.17587
-8.17548
-8.17548
-8.17549
-8.17541
-8.17549
-8.17572
-8.17537
-8.17545
-8.17549
-8.17537
-8.17578

