-8.1754
-8.17539
-8.1755
-8.17539
-8.17539
-8.18574
-8.17549
-8.17533
-8.17537
-8.17532
-8.17532
-8.19888
-8.17538
-8.17547
-8.17547
-8.17533
-8.1755
-8.1755
-8.18584
-8.1754
-8.18765
-8.1755
-8.17527
-8.1755
-8.17537
-8.17549
-8.17557
-8.17553
-8.17568
-8.20034
-8.17549
-8.17533
-8.17549
-8.20128
-8.17556
-8.17549
-8.17537
-8.17549
-8.1754
-8.17533
-8.1858
-8.17549
-8.17593
-8.17549
-8.17549
-8.17537
-8.17537
-8.17549
-8.17551
-8.17665
-8.17528
-8.17528
-8.17524
-8.17528
-8.17547
-8.17547
-8.17538
-8.17532
-8.17568
-8.18741
-8.17547
-8.17535
-8.17549
-8.17539
-8.1755
-8.17576
-8.17543
-8.1754
-8.1755
-8.17551
-8.17549
-8.17532
-8.17528
-8.17549
-8.17549
-8.17623
-8.17528
-8.17517
-8.20136
-8.17548
-8.17544
-8.17551
-8.18741
-8.17544
-8.17587
-8.17548
-8.17553
-8.17539
-8.17549
-8.17549
-8.17553
-8.17549
-8.17547
-8.17559
-8.17543
-8.1755
-8.17539
-8.17551
-8.17551
-8.18564

