-8.17536
-8.17544
-8.17544
-8.1754
-8.17547
-8.17547
-8.17553
-8.17553
-8.18532
-8.17547
-8.17568
-8.18751
-8.17549
-8.17532
-8.17547
-8.17548
-8.17548
-8.17548
-8.17539
-8.17544
-8.17673
-8.19899
-8.17548
-8.18435
-8.18509
-8.17548
-8.1861
-8.17547
-8.17557
-8.17549
-8.17549
-8.17549
-8.17549
-8.17593
-8.17551
-8.17547
-8.17551
-8.17524
-8.17549
-8.17537
-8.17342
-8.17516
-8.17549
-8.18538
-8.17547
-8.17528
-8.17547
-8.18663
-8.17559
-8.17539
-8.1746
-8.17535
-8.17549
-8.17549
-8.18549
-8.17578
-8.18538
-8.17535
-8.17547
-8.17539
-8.17548
-8.17546
-8.17576
-8.1755
-8.1755
-8.17639
-8.1755
-8.17556
-8.1755
-8.17584
-8.17536
-8.18751
-8.17551
-8.17547
-8.2001
-8.18663
-8.1852
-8.17551
-8.17542
-8.1755
-8.1755
-8.1755
-8.1755
-8.1755
-8.1755
-8.17656
-8.18539
-8.18517
-8.17553
-8.17539
-8.17547
-8.1755
-8.1858
-8.17549
-8.17537
-8.17539
-8.1755
-8.17549
-8.17553
-8.17507

