-8.17557
-8.18532
-8.17547
-8.18803
-8.17548
-8.17548
-8.17544
-8.17568
-8.18396
-8.17578
-8.17549
-8.17549
-8.17549
-8.18765
-8.17551
-8.17549
-8.17581
-8.17548
-8.17539
-8.1755
-8.17543
-8.17584
-8.17555
-8.175
-8.17548
-8.1755
-8.17539
-8.17548
-8.1755
-8.1755
-8.17539
-8.1755
-8.1755
-8.17536
-8.17536
-8.17539
-8.1755
-8.17549
-8.17549
-8.17549
-8.17549
-8.18532
-8.17549
-8.17549
-8.17537
-8.17568
-8.17535
-8.17553
-8.17596
-8.17547
-8.19882
-8.17547
-8.17528
-8.17547
-8.17535
-8.17549
-8.19916
-8.17549
-8.17551
-8.17549
-8.17549
-8.17532
-8.17547
-8.17547
-8.17557
-8.17557
-8.17547
-8.19974
-8.18751
-8.17551
-8.17528
-8.17578
-8.17528
-8.17528
-8.17547
-8.17547
-8.17547
-8.18741
-8.17547
-8.17547
-8.17547
-8.17547
-8.17548
-8.17548
-8.17548
-8.19552
-8.17428
-8.18542
-8.17539
-8.17548
-8.17548
-8.17548
-8.17548
-8.17557
-8.17549
-8.17551
-8.17573
-8.18556
-8.18556
-8.17503

