-8.17557
-8.17547
-8.17524
-8.17547
-8.18549
-8.17551
-8.17553
-8.17547
-8.17553
-8.18872
-8.17547
-8.18542
-8.17598
-8.17547
-8.18538
-8.18538
-8.18538
-8.17547
-8.17547
-8.17547
-8.17528
-8.17547
-8.18542
-8.17556
-8.18419
-8.17547
-8.17528
-8.17535
-8.17442
-8.18542
-8.18556
-8.17442
-8.17543
-8.17543
-8.17558
-8.1755
-8.18997
-8.17547
-8.17548
-8.17547
-8.17528
-8.17567
-8.17538
-8.17553
-8.17547
-8.17551
-8.18765
-8.18278
-8.17543
-8.17584
-8.18564
-8.18564
-8.17551
-8.17549
-8.17551
-8.17549
-8.17551
-8.17551
-8.17551
-8.20034
-8.18626
-8.18486
-8.1756
-8.1755
-8.1754
-8.17536
-8.17514
-8.17547
-8.1754
-8.17547
-8.17547
-8.17548
-8.17548
-8.18542
-8.17576
-8.17549
-8.17503
-8.17549
-8.17549
-8.17647
-8.17549
-8.17549
-8.1755
-8.17538
-8.1755
-8.1755
-8.17515
-8.17539
-8.17549
-8.17556
-8.17442
-8.17551
-8.18542
-8.17549
-8.17549
-8.17551
-8.17549
-8.17553
-8.17553
-8.17547

