-8.1755
-8.1755
-8.17539
-8.17536
-8.17551
-8.17551
-8.17549
-8.17557
-8.18538
-8.17538
-8.17533
-8.17533
-8.17533
-8.18538
-8.18549
-8.18542
-8.17549
-8.17643
-8.1754
-8.17539
-8.17547
-8.17547
-8.17538
-8.17549
-8.17549
-8.17532
-8.17547
-8.17517
-8.17553
-8.17548
-8.17551
-8.17547
-8.17538
-8.17548
-8.17553
-8.17497
-8.17533
-8.18339
-8.17549
-8.18904
-8.17548
-8.17548
-8.17548
-8.17548
-8.18869
-8.17553
-8.1755
-8.18556
-8.1755
-8.17558
-8.17548
-8.17549
-8.17548
-8.17548
-8.18813
-8.18741
-8.17544
-8.17525
-8.17548
-8.17548
-8.1755
-8.1755
-8.17547
-8.17539
-8.17539
-8.17539
-8.1755
-8.18997
-8.17556
-8.17549
-8.17549
-8.1835
-8.17442
-8.17549
-8.17549
-8.17549
-8.17549
-8.17537
-8.17549
-8.17549
-8.17549
-8.17533
-8.17533
-8.18412
-8.18356
-8.17551
-8.17533
-8.17593
-8.17549
-8.17551
-8.17549
-8.17539
-8.17548
-8.17548
-8.17548
-8.17547
-8.17578
-8.17547
-8.18562
-8.17528

