-8.17547
-8.1753
-8.17544
-8.17539
-8.17536
-8.17584
-8.17546
-8.17556
-8.1755
-8.17576
-8.1755
-8.17539
-8.17543
-8.18773
-8.17304
-8.1755
-8.1755
-8.17547
-8.17544
-8.17548
-8.17548
-8.17548
-8.17547
-8.17547
-8.17524
-8.17548
-8.17548
-8.1754
-8.17528
-8.17596
-8.17548
-8.17539
-8.1755
-8.17543
-8.1755
-8.1754
-8.1755
-8.1755
-8.17544
-8.17547
-8.17547
-8.17547
-8.17528
-8.17547
-8.17517
-8.17578
-8.17536
-8.17576
-8.17514
-8.17548
-8.17536
-8.17548
-8.175
-8.19068
-8.17547
-8.17528
-8.17547
-8.17506
-8.17549
-8.17549
-8.17549
-8.18278
-8.17515
-8.17539
-8.1755
-8.18525
-8.17536
-8.17548
-8.18517
-8.18435
-8.1755
-8.17536
-8.17544
-8.17551
-8.17535
-8.17549
-8.17535
-8.17538
-8.17537
-8.17549
-8.17549
-8.17549
-8.1756
-8.18545
-8.17539
-8.17539
-8.17539
-8.1755
-8.17342
-8.17547
-8.1755
-8.17555
-8.17548
-8.17539
-8.17547
-8.17535
-8.17549
-8.17549
-8.17551
-8.1887

