-8.17544
-8.17548
-8.17548
-8.17549
-8.17549
-8.17549
-8.17619
-8.18195
-8.18538
-8.17596
-8.17538
-8.17547
-8.17514
-8.17557
-8.17547
-8.17553
-8.17538
-8.17553
-8.19888
-8.17557
-8.1857
-8.17542
-8.17537
-8.17547
-8.17547
-8.17553
-8.17547
-8.17547
-8.17547
-8.17547
-8.17539
-8.17549
-8.17549
-8.17551
-8.17525
-8.17544
-8.17617
-8.18542
-8.18542
-8.1755
-8.1755
-8.1755
-8.17551
-8.17551
-8.17444
-8.17547
-8.17547
-8.17619
-8.17532
-8.17544
-8.1755
-8.17546
-8.17548
-8.17548
-8.17512
-8.17539
-8.17499
-8.17554
-8.17617
-8.17547
-8.17543
-8.17549
-8.17328
-8.18765
-8.17423
-8.1755
-8.17539
-8.17549
-8.17549
-8.17549
-8.17549
-8.17532
-8.18663
-8.17499
-8.17547
-8.17596
-8.1754
-8.17547
-8.17547
-8.17547
-8.17553
-8.17539
-8.17587
-8.17536
-8.17549
-8.17548
-8.17548
-8.17548
-8.17548
-8.1754
-8.17538
-8.17549
-8.17549
-8.17533
-8.17549
-8.18417
-8.17596
-8.17535
-8.17549
-8.17533

