-8.17532
-8.17528
-8.18556
-8.17537
-8.17556
-8.17538
-8.17547
-8.17528
-8.18564
-8.17547
-8.17547
-8.17538
-8.17547
-8.17535
-8.17549
-8.17549
-8.17556
-8.17551
-8.17549
-8.17442
-8.17551
-8.17551
-8.17537
-8.17549
-8.17549
-8.17549
-8.17544
-8.17544
-8.18222
-8.18542
-8.18556
-8.17548
-8.17536
-8.17587
-8.17544
-8.17551
-8.17547
-8.17528
-8.17535
-8.17556
-8.17556
-8.17532
-8.17553
-8.17538
-8.17524
-8.17568
-8.17547
-8.17572
-8.17549
-8.17578
-8.17578
-8.18554
-8.17547
-8.18819
-8.17551
-8.17544
-8.17551
-8.17547
-8.17547
-8.18503
-8.17539
-8.18598
-8.17551
-8.17524
-8.17548
-8.18401
-8.17571
-8.17646
-8.17547
-8.17547
-8.1755
-8.1755
-8.17584
-8.1755
-8.17548
-8.1755
-8.18774
-8.17539
-8.1755
-8.17547
-8.17539
-8.1755
-8.1751
-8.1755
-8.17551
-8.1755
-8.17549
-8.1752
-8.18538
-8.17537
-8.17533
-8.17549
-8.17532
-8.17557
-8.17517
-8.17538
-8.17547
-8.17553
-8.17547
-8.17547

