-8.17547
-8.1755
-8.18774
-8.17539
-8.1755
-8.17549
-8.17496
-8.1754
-8.1755
-8.1755
-8.17543
-8.1755
-8.1755
-8.17539
-8.17546
-8.17539
-8.17539
-8.1755
-8.1754
-8.1755
-8.1755
-8.17548
-8.17539
-8.17551
-8.17548
-8.17549
-8.17551
-8.17547
-8.1755
-8.17543
-8.17543
-8.1755
-8.1755
-8.17539
-8.1755
-8.18773
-8.17547
-8.17568
-8.18538
-8.17535
-8.17549
-8.17544
-8.17542
-8.17548
-8.17544
-8.17548
-8.17345
-8.17528
-8.1756
-8.17539
-8.1754
-8.17551
-8.17551
-8.17578
-8.17539
-8.17546
-8.18765
-8.18765
-8.17537
-8.17549
-8.17573
-8.18741
-8.17547
-8.17533
-8.17549
-8.18741
-8.17532
-8.17544
-8.17544
-8.1861
-8.17533
-8.17548
-8.17548
-8.17548
-8.17587
-8.17535
-8.17549
-8.17537
-8.17549
-8.17549
-8.17527
-8.17556
-8.17551
-8.17549
-8.17549
-8.17551
-8.17533
-8.17549
-8.17593
-8.17549
-8.17549
-8.17543
-8.1755
-8.17548
-8.17548
-8.17548
-8.17548
-8.17536
-8.17548
-8.17525

