-8.17533
-8.17549
-8.1754
-8.1754
-8.17547
-8.17547
-8.18532
-8.17553
-8.17547
-8.17547
-8.17547
-8.17547
-8.17619
-8.17553
-8.17547
-8.17538
-8.17596
-8.17553
-8.17551
-8.17617
-8.17549
-8.17551
-8.17533
-8.17539
-8.17548
-8.17548
-8.17548
-8.17515
-8.17551
-8.17551
-8.17646
-8.17537
-8.17549
-8.17539
-8.1755
-8.1754
-8.1755
-8.1755
-8.1755
-8.17539
-8.17539
-8.17553
-8.17548
-8.17553
-8.17553
-8.17544
-8.18509
-8.18542
-8.17543
-8.17546
-8.19899
-8.17548
-8.17539
-8.1755
-8.1755
-8.1755
-8.17543
-8.1755
-8.17543
-8.17539
-8.17656
-8.1754
-8.17546
-8.17584
-8.17543
-8.1754
-8.17543
-8.17546
-8.1755
-8.1755
-8.19688
-8.17537
-8.17533
-8.1755
-8.18539
-8.17539
-8.1755
-8.1755
-8.1755
-8.17584
-8.17527
-8.1751
-8.1755
-8.1755
-8.17486
-8.17548
-8.17548
-8.17539
-8.17547
-8.17544
-8.17525
-8.18324
-8.17547
-8.17538
-8.18803
-8.17551
-8.17533
-8.17551
-8.17549
-8.18765

