-8.175
-8.17548
-8.17548
-8.17551
-8.17547
-8.17547
-8.17553
-8.17547
-8.18542
-8.17537
-8.17549
-8.17549
-8.17551
-8.17527
-8.17537
-8.17549
-8.17533
-8.17557
-8.17547
-8.17528
-8.17547
-8.1852
-8.17535
-8.17549
-8.17549
-8.17549
-8.17527
-8.17533
-8.17558
-8.1755
-8.17548
-8.17576
-8.1751
-8.1755
-8.17543
-8.17549
-8.17549
-8.17496
-8.17515
-8.1754
-8.17543
-8.17512
-8.17544
-8.17544
-8.17587
-8.17544
-8.17544
-8.17516
-8.17576
-8.17515
-8.17548
-8.17544
-8.17548
-8.17548
-8.1754
-8.17543
-8.1754
-8.17548
-8.17549
-8.17442
-8.17525
-8.1755
-8.17584
-8.1752
-8.17549
-8.17549
-8.17549
-8.18842
-8.17647
-8.17537
-8.17578
-8.17549
-8.17547
-8.17548
-8.17548
-8.17548
-8.17539
-8.17543
-8.17539
-8.17548
-8.17548
-8.17536
-8.17548
-8.17548
-8.17548
-8.1849
-8.17547
-8.17547
-8.17537
-8.17537
-8.17549
-8.17442
-8.17537
-8.17549
-8.17549
-8.17532
-8.17547
-8.17555
-8.18542
-8.1755

