-8.17613
-8.18539
-8.17544
-8.1894
-8.17537
-8.17533
-8.17549
-8.17657
-8.17657
-8.17548
-8.17551
-8.17496
-8.17616
-8.21377
-8.17548
-8.17549
-8.17544
-8.17548
-8.1755
-8.17515
-8.17547
-8.17546
-8.17543
-8.18542
-8.17549
-8.17543
-8.17543
-8.1755
-8.1755
-8.17536
-8.17539
-8.17548
-8.17539
-8.17539
-8.17549
-8.19916
-8.17549
-8.17516
-8.17533
-8.17525
-8.17539
-8.1755
-8.1755
-8.18765
-8.18417
-8.17544
-8.17547
-8.18538
-8.18538
-8.17547
-8.17547
-8.17547
-8.18538
-8.17538
-8.17547
-8.17551
-8.17549
-8.17549
-8.18844
-8.17549
-8.17578
-8.1756
-8.1755
-8.1755
-8.1755
-8.18539
-8.17548
-8.17539
-8.18751
-8.17548
-8.17576
-8.17528
-8.17535
-8.17537
-8.17556
-8.18417
-8.17617
-8.1756
-8.17536
-8.1755
-8.17543
-8.18547
-8.1752
-8.18417
-8.17527
-8.18751
-8.17536
-8.17549
-8.17549
-8.17551
-8.1755
-8.17527
-8.18774
-8.18545
-8.17543
-8.17548
-8.17535
-8.17549
-8.17549
-8.17551

