-8.17539
-8.18509
-8.1755
-8.1755
-8.1754
-8.1755
-8.17543
-8.17543
-8.17539
-8.1755
-8.1755
-8.18539
-8.17548
-8.17673
-8.17501
-8.17539
-8.17549
-8.17442
-8.17547
-8.17584
-8.17539
-8.17543
-8.17539
-8.1754
-8.1755
-8.1755
-8.1755
-8.17536
-8.17548
-8.17536
-8.17551
-8.17547
-8.17548
-8.17548
-8.1755
-8.17536
-8.17536
-8.17548
-8.17548
-8.17548
-8.17532
-8.17547
-8.17547
-8.17548
-8.17548
-8.17548
-8.17557
-8.17551
-8.17564
-8.17532
-8.17547
-8.17547
-8.17535
-8.17549
-8.17554
-8.1752
-8.17535
-8.17553
-8.17535
-8.17528
-8.17537
-8.18765
-8.17536
-8.17546
-8.1755
-8.18736
-8.17548
-8.17548
-8.17548
-8.17548
-8.17548
-8.17536
-8.17547
-8.17547
-8.18751
-8.18904
-8.17551
-8.17553
-8.17547
-8.21001
-8.18347
-8.1755
-8.17547
-8.17543
-8.17547
-8.1755
-8.1755
-8.17548
-8.17548
-8.17548
-8.17556
-8.17536
-8.17536
-8.17548
-8.17539
-8.17539
-8.17539
-8.1755
-8.17548
-8.17551

