-8.17539
-8.17548
-8.17548
-8.17548
-8.17548
-8.17547
-8.17528
-8.17524
-8.17548
-8.17548
-8.17553
-8.17547
-8.17547
-8.17547
-8.17548
-8.17551
-8.17517
-8.17547
-8.17551
-8.17547
-8.17547
-8.17538
-8.17547
-8.17547
-8.17544
-8.17548
-8.17547
-8.17557
-8.17553
-8.17547
-8.18542
-8.17533
-8.1755
-8.17556
-8.17578
-8.17549
-8.17549
-8.18626
-8.18774
-8.17551
-8.17549
-8.17549
-8.17342
-8.17551
-8.17593
-8.17547
-8.17539
-8.1755
-8.17515
-8.17546
-8.17496
-8.1755
-8.1755
-8.1755
-8.1755
-8.17576
-8.1755
-8.18542
-8.17551
-8.17576
-8.17533
-8.17578
-8.17551
-8.18538
-8.17537
-8.17549
-8.17533
-8.17537
-8.17551
-8.17549
-8.17551
-8.17503
-8.1756
-8.17553
-8.17544
-8.17551
-8.17547
-8.17547
-8.17524
-8.17547
-8.17547
-8.17553
-8.17553
-8.17557
-8.17547
-8.17672
-8.17537
-8.17549
-8.17537
-8.17549
-8.17556
-8.17532
-8.17547
-8.17547
-8.17528
-8.17528
-8.17553
-8.17533
-8.17539
-8.17543

