-8.17549
-8.17549
-8.17537
-8.1756
-8.17549
-8.17549
-8.17557
-8.18539
-8.17549
-8.17549
-8.17551
-8.17548
-8.17532
-8.18542
-8.18542
-8.17551
-8.17578
-8.17578
-8.17576
-8.17549
-8.17549
-8.17539
-8.1755
-8.17543
-8.1858
-8.17543
-8.17576
-8.1755
-8.17515
-8.18517
-8.18565
-8.17549
-8.17538
-8.17528
-8.17557
-8.17548
-8.17525
-8.18565
-8.17548
-8.17515
-8.17543
-8.17536
-8.17548
-8.17587
-8.17548
-8.18804
-8.18579
-8.1754
-8.17578
-8.17672
-8.17553
-8.17557
-8.17535
-8.17549
-8.17535
-8.17556
-8.17551
-8.17549
-8.17547
-8.17587
-8.17547
-8.17441
-8.17547
-8.17547
-8.17547
-8.17528
-8.17535
-8.17544
-8.17547
-8.17533
-8.17533
-8.17549
-8.18538
-8.17544
-8.17548
-8.18741
-8.17547
-8.17528
-8.17547
-8.18663
-8.18869
-8.17537
-8.17551
-8.18774
-8.17543
-8.18349
-8.17499
-8.18356
-8.17578
-8.17549
-8.17549
-8.18626
-8.17556
-8.17525
-8.17543
-8.19857
-8.1755
-8.1754
-8.1755
-8.17539

