-8.18431
-8.17536
-8.17592
-8.17547
-8.17547
-8.17547
-8.1842
-8.17537
-8.17549
-8.17538
-8.17544
-8.1754
-8.17551
-8.17549
-8.17533
-8.20378
-8.17549
-8.1752
-8.1752
-8.17549
-8.17549
-8.17593
-8.18538
-8.17547
-8.17517
-8.18538
-8.17535
-8.17527
-8.17498
-8.17556
-8.17527
-8.17538
-8.17578
-8.17547
-8.17524
-8.17528
-8.17547
-8.17547
-8.17538
-8.17538
-8.17448
-8.18741
-8.18747
-8.18562
-8.17499
-8.17553
-8.17544
-8.21448
-8.17617
-8.17548
-8.17549
-8.17539
-8.18997
-8.17549
-8.17549
-8.17672
-8.17525
-8.17543
-8.17539
-8.17537
-8.17549
-8.17549
-8.17537
-8.17442
-8.18554
-8.17553
-8.17544
-8.17544
-8.17549
-8.17548
-8.17551
-8.17547
-8.17571
-8.17553
-8.17537
-8.17549
-8.17543
-8.17546
-8.17548
-8.17598
-8.17557
-8.17535
-8.17533
-8.17551
-8.17549
-8.17551
-8.17547
-8.1755
-8.17539
-8.17549
-8.17549
-8.17556
-8.17549
-8.17549
-8.17549
-8.17549
-8.17564
-8.17544
-8.17557
-8.17505

