-8.17544
-8.17548
-8.17548
-8.17548
-8.17539
-8.17539
-8.17548
-8.17548
-8.17549
-8.17553
-8.17587
-8.17584
-8.17488
-8.18486
-8.17499
-8.17538
-8.17547
-8.17547
-8.17547
-8.17547
-8.17553
-8.17553
-8.17547
-8.17538
-8.17548
-8.17549
-8.17547
-8.17576
-8.1755
-8.17548
-8.17514
-8.17539
-8.17547
-8.17428
-8.17548
-8.1746
-8.17542
-8.17538
-8.17547
-8.175
-8.17548
-8.17539
-8.17548
-8.17536
-8.17543
-8.17543
-8.17544
-8.17548
-8.17547
-8.17548
-8.17544
-8.17553
-8.17576
-8.17539
-8.17576
-8.17548
-8.17548
-8.17548
-8.17544
-8.17548
-8.17576
-8.17576
-8.18751
-8.17548
-8.17548
-8.17551
-8.17528
-8.17547
-8.17528
-8.17547
-8.17532
-8.17547
-8.17547
-8.17547
-8.17547
-8.17533
-8.17532
-8.17544
-8.17543
-8.17515
-8.1755
-8.17551
-8.17527
-8.19916
-8.17549
-8.17533
-8.17537
-8.17532
-8.17538
-8.17553
-8.17551
-8.17549
-8.17547
-8.1755
-8.18773
-8.17643
-8.1755
-8.17539
-8.1755
-8.17515

