-8.17536
-8.17525
-8.18741
-8.17544
-8.17548
-8.17613
-8.1755
-8.1755
-8.17543
-8.17547
-8.17543
-8.17543
-8.1755
-8.17539
-8.17549
-8.17549
-8.17549
-8.17553
-8.17547
-8.17557
-8.17551
-8.17549
-8.17537
-8.17593
-8.17551
-8.17535
-8.18774
-8.1755
-8.1755
-8.17543
-8.17539
-8.17551
-8.17533
-8.17527
-8.17549
-8.17537
-8.17549
-8.17549
-8.17533
-8.18538
-8.17553
-8.17598
-8.1754
-8.17547
-8.17549
-8.17548
-8.17539
-8.1755
-8.1755
-8.1755
-8.17573
-8.18564
-8.17515
-8.1755
-8.17544
-8.17553
-8.17547
-8.17557
-8.17525
-8.17539
-8.17548
-8.17539
-8.17463
-8.17548
-8.17536
-8.18539
-8.18517
-8.17535
-8.17537
-8.17593
-8.17549
-8.17547
-8.17538
-8.18747
-8.17547
-8.17547
-8.17528
-8.17547
-8.17549
-8.17549
-8.17549
-8.17497
-8.17537
-8.17547
-8.17495
-8.17547
-8.17547
-8.17547
-8.17547
-8.17528
-8.17547
-8.17547
-8.17495
-8.17547
-8.18421
-8.17532
-8.17528
-8.17547
-8.17547
-8.17547

