-8.17584
-8.17544
-8.17536
-8.17525
-8.17544
-8.17544
-8.17548
-8.17592
-8.17517
-8.1881
-8.17551
-8.17547
-8.17547
-8.17547
-8.17553
-8.17537
-8.17549
-8.17491
-8.18567
-8.17547
-8.17524
-8.17538
-8.17547
-8.17553
-8.17535
-8.17549
-8.17549
-8.17556
-8.17549
-8.17549
-8.17516
-8.17553
-8.18663
-8.17549
-8.17548
-8.17536
-8.17553
-8.17548
-8.17548
-8.17512
-8.17548
-8.17548
-8.17548
-8.17548
-8.17538
-8.17598
-8.17536
-8.17538
-8.17553
-8.17524
-8.17547
-8.18663
-8.17517
-8.17547
-8.17547
-8.17539
-8.17512
-8.17549
-8.17548
-8.17548
-8.17536
-8.17536
-8.17548
-8.17548
-8.17592
-8.17547
-8.17547
-8.17568
-8.17535
-8.17549
-8.17551
-8.17537
-8.17533
-8.17537
-8.17549
-8.17549
-8.17549
-8.17573
-8.18774
-8.17551
-8.17573
-8.18542
-8.17549
-8.17549
-8.17543
-8.17545
-8.17495
-8.17549
-8.18774
-8.17539
-8.17549
-8.17535
-8.17549
-8.18774
-8.17539
-8.17639
-8.18818
-8.17549
-8.17537
-8.17578

