-8.17524
-8.17549
-8.17549
-8.17551
-8.17593
-8.1896
-8.1755
-8.18539
-8.18565
-8.17428
-8.17576
-8.20896
-8.17548
-8.17566
-8.17544
-8.19914
-8.1755
-8.17549
-8.17533
-8.1894
-8.17549
-8.1755
-8.1751
-8.1755
-8.17556
-8.17551
-8.1751
-8.1755
-8.17545
-8.1755
-8.1754
-8.17539
-8.17543
-8.17533
-8.17549
-8.17542
-8.17549
-8.1887
-8.17547
-8.17547
-8.17547
-8.17553
-8.17528
-8.17547
-8.17547
-8.17547
-8.18542
-8.17548
-8.17548
-8.17548
-8.17553
-8.17548
-8.17547
-8.17547
-8.17557
-8.17528
-8.17536
-8.17536
-8.17547
-8.1887
-8.18751
-8.17557
-8.17532
-8.17557
-8.17547
-8.17551
-8.17517
-8.17538
-8.17517
-8.17553
-8.17538
-8.18626
-8.17551
-8.17537
-8.17549
-8.17532
-8.17544
-8.17548
-8.1755
-8.03559
-8.17547
-8.17547
-8.17547
-8.17547
-8.17547
-8.17548
-8.17548
-8.17539
-8.17549
-8.17506
-8.17518
-8.17547
-8.17551
-8.17556
-8.17556
-8.18417
-8.17547
-8.17549
-8.17537
-8.17533

