-8.17549
-8.17537
-8.17549
-8.17549
-8.17551
-8.17551
-8.17538
-8.17525
-8.17548
-8.18517
-8.17544
-8.17587
-8.17548
-8.17539
-8.17544
-8.17547
-8.17672
-8.17448
-8.17547
-8.17547
-8.17547
-8.18405
-8.17672
-8.17442
-8.17506
-8.17549
-8.17448
-8.17547
-8.17528
-8.17551
-8.17549
-8.17549
-8.17617
-8.17551
-8.17533
-8.17542
-8.18532
-8.17557
-8.18564
-8.17547
-8.17506
-8.17549
-8.17549
-8.17537
-8.17549
-8.17532
-8.17547
-8.17539
-8.1755
-8.17551
-8.17537
-8.17549
-8.17503
-8.17549
-8.1884
-8.1755
-8.18774
-8.17539
-8.18818
-8.17549
-8.17545
-8.1887
-8.17548
-8.17547
-8.17528
-8.17573
-8.17547
-8.17547
-8.17547
-8.17553
-8.17528
-8.17528
-8.17547
-8.19311
-8.17533
-8.17548
-8.17548
-8.17548
-8.17548
-8.17539
-8.17539
-8.17539
-8.1755
-8.17556
-8.17543
-8.1755
-8.1755
-8.17488
-8.17543
-8.17539
-8.17543
-8.17543
-8.17539
-8.1755
-8.17546
-8.17553
-8.17553
-8.18747
-8.18562
-8.17533

