-8.17548
-8.1754
-8.17584
-8.1755
-8.1755
-8.17543
-8.1755
-8.17496
-8.21862
-8.18765
-8.17537
-8.17556
-8.17533
-8.17532
-8.17547
-8.17557
-8.17535
-8.17549
-8.17528
-8.17534
-8.1755
-8.18872
-8.17525
-8.1754
-8.17544
-8.17536
-8.17538
-8.17503
-8.17549
-8.17532
-8.17547
-8.18758
-8.17547
-8.17553
-8.17547
-8.17544
-8.18741
-8.17553
-8.17547
-8.18538
-8.17549
-8.17549
-8.17553
-8.17553
-8.17547
-8.17547
-8.17547
-8.17547
-8.17548
-8.17533
-8.17593
-8.18554
-8.17535
-8.17578
-8.17549
-8.17517
-8.17528
-8.17535
-8.18412
-8.17535
-8.17657
-8.1755
-8.1754
-8.17423
-8.17539
-8.17539
-8.17549
-8.17549
-8.17549
-8.17554
-8.17556
-8.17544
-8.17557
-8.17551
-8.17547
-8.17539
-8.17546
-8.17543
-8.17576
-8.1755
-8.17536
-8.17548
-8.17536
-8.17547
-8.17547
-8.17547
-8.17535
-8.1755
-8.1755
-8.17549
-8.17551
-8.17578
-8.17538
-8.17528
-8.17685
-8.17596
-8.17547
-8.17549
-8.17549
-8.17549

