-8.17548
-8.20057
-8.1754
-8.1746
-8.17549
-8.17549
-8.17532
-8.17448
-8.18741
-8.17535
-8.17655
-8.17547
-8.17549
-8.18542
-8.17549
-8.17557
-8.18476
-8.17547
-8.17553
-8.17505
-8.17547
-8.17547
-8.17547
-8.175
-8.17548
-8.17553
-8.17536
-8.17548
-8.17539
-8.1861
-8.17538
-8.17535
-8.17578
-8.17549
-8.17549
-8.17527
-8.17549
-8.17573
-8.17533
-8.17906
-8.17551
-8.17553
-8.17547
-8.17538
-8.17547
-8.17549
-8.17543
-8.17539
-8.17546
-8.17536
-8.17537
-8.18751
-8.18819
-8.17548
-8.17539
-8.17549
-8.1752
-8.17617
-8.17549
-8.17539
-8.17536
-8.17643
-8.1755
-8.17537
-8.17537
-8.17549
-8.1755
-8.1755
-8.17539
-8.1755
-8.1755
-8.1755
-8.1755
-8.17543
-8.1755
-8.17543
-8.1755
-8.1755
-8.1755
-8.17527
-8.17549
-8.17537
-8.17549
-8.18626
-8.17539
-8.1754
-8.1754
-8.17549
-8.17549
-8.17549
-8.17549
-8.17549
-8.17551
-8.17551
-8.17549
-8.17537
-8.17535
-8.17547
-8.18356
-8.17551

