-8.17551
-8.1755
-8.17554
-8.1755
-8.1755
-8.17527
-8.1755
-8.17539
-8.17539
-8.17543
-8.17536
-8.17554
-8.18539
-8.17556
-8.17539
-8.17539
-8.17501
-8.1754
-8.17539
-8.17539
-8.19914
-8.1755
-8.1755
-8.17536
-8.17544
-8.17539
-8.17548
-8.17539
-8.1853
-8.18663
-8.1859
-8.1754
-8.1755
-8.1746
-8.17528
-8.17547
-8.17528
-8.17524
-8.17547
-8.17549
-8.17593
-8.17549
-8.17556
-8.18774
-8.18782
-8.1755
-8.17543
-8.17543
-8.1755
-8.17539
-8.1755
-8.17497
-8.17544
-8.17538
-8.17547
-8.17553
-8.17548
-8.1755
-8.17539
-8.17543
-8.1755
-8.18542
-8.17497
-8.17548
-8.17549
-8.17525
-8.1755
-8.17501
-8.1755
-8.1755
-8.1754
-8.17549
-8.17551
-8.1755
-8.17548
-8.17559
-8.18782
-8.17549
-8.17554
-8.17549
-8.17549
-8.1755
-8.1755
-8.18997
-8.17527
-8.17547
-8.17549
-8.17549
-8.17542
-8.17537
-8.17533
-8.17549
-8.17549
-8.1755
-8.17543
-8.17527
-8.1755
-8.1755
-8.1755
-8.1755

