-8.18741
-8.18741
-8.17547
-8.17547
-8.17554
-8.17549
-8.17549
-8.17551
-8.1896
-8.1755
-8.17598
-8.17548
-8.17548
-8.17548
-8.17539
-8.19827
-8.17557
-8.17528
-8.17553
-8.17672
-8.17547
-8.17547
-8.17517
-8.17524
-8.17568
-8.18538
-8.17547
-8.17525
-8.18539
-8.18539
-8.17539
-8.17536
-8.17514
-8.17548
-8.17548
-8.17536
-8.17551
-8.17538
-8.17547
-8.17528
-8.17535
-8.17549
-8.1755
-8.17546
-8.18327
-8.17548
-8.17553
-8.1754
-8.17538
-8.17571
-8.17539
-8.17535
-8.17549
-8.1752
-8.17545
-8.17547
-8.1755
-8.17549
-8.17549
-8.17556
-8.17551
-8.17549
-8.17544
-8.17538
-8.18904
-8.1754
-8.17547
-8.17528
-8.17549
-8.17528
-8.17505
-8.17547
-8.17547
-8.17578
-8.17578
-8.17547
-8.17538
-8.17533
-8.18564
-8.17547
-8.17547
-8.17528
-8.17547
-8.17538
-8.17547
-8.17547
-8.17528
-8.17551
-8.17549
-8.17549
-8.17547
-8.1755
-8.17536
-8.17548
-8.1755
-8.17488
-8.17547
-8.17584
-8.18539
-8.17546

