-8.17548
-8.17536
-8.17548
-8.17544
-8.17544
-8.17548
-8.18603
-8.17551
-8.17537
-8.17533
-8.17527
-8.1755
-8.1755
-8.1755
-8.17538
-8.17543
-8.17543
-8.1755
-8.1755
-8.17544
-8.17551
-8.17528
-8.1881
-8.18751
-8.18542
-8.17548
-8.1751
-8.1755
-8.18765
-8.17533
-8.17551
-8.18567
-8.17547
-8.17547
-8.17578
-8.18741
-8.17547
-8.17547
-8.17551
-8.18626
-8.17639
-8.17539
-8.1755
-8.1755
-8.1745
-8.17547
-8.17556
-8.18539
-8.17544
-8.17544
-8.17548
-8.17544
-8.1751
-8.17551
-8.17549
-8.17491
-8.17537
-8.17593
-8.17533
-8.17549
-8.17533
-8.17537
-8.19916
-8.17549
-8.17549
-8.17646
-8.17578
-8.17549
-8.17551
-8.1755
-8.1755
-8.17546
-8.17496
-8.17543
-8.1755
-8.17576
-8.1755
-8.1755
-8.1754
-8.1755
-8.17515
-8.17548
-8.17548
-8.17548
-8.18517
-8.1756
-8.1755
-8.17497
-8.17535
-8.17549
-8.18774
-8.17256
-8.17549
-8.17537
-8.17549
-8.17535
-8.17539
-8.17576
-8.17548
-8.17428

