-8.17536
-8.17549
-8.1755
-8.1755
-8.17548
-8.17548
-8.17536
-8.17525
-8.17548
-8.17548
-8.17553
-8.17543
-8.1755
-8.17587
-8.17549
-8.17539
-8.17539
-8.1755
-8.17549
-8.17533
-8.18599
-8.18624
-8.18539
-8.17544
-8.17539
-8.1755
-8.1755
-8.1755
-8.17584
-8.1754
-8.1754
-8.17539
-8.1755
-8.1755
-8.17568
-8.17553
-8.17553
-8.17548
-8.17548
-8.17548
-8.17423
-8.1755
-8.17539
-8.1755
-8.17536
-8.1755
-8.17543
-8.17515
-8.1755
-8.1755
-8.17551
-8.17549
-8.17549
-8.17518
-8.17549
-8.17646
-8.17505
-8.17547
-8.17547
-8.17568
-8.18538
-8.18758
-8.1754
-8.17538
-8.17543
-8.17549
-8.17548
-8.17553
-8.17536
-8.17539
-8.17548
-8.18741
-8.17547
-8.17547
-8.17547
-8.17553
-8.17539
-8.17548
-8.17536
-8.17544
-8.17553
-8.17524
-8.17547
-8.17547
-8.17538
-8.18538
-8.17525
-8.18334
-8.17548
-8.17536
-8.1755
-8.1755
-8.17647
-8.17551
-8.17533
-8.18554
-8.17547
-8.17567
-8.17538
-8.17538

