-8.17596
-8.17539
-8.18556
-8.18542
-8.17548
-8.17548
-8.17548
-8.17539
-8.17551
-8.17551
-8.17548
-8.17548
-8.17512
-8.17548
-8.17549
-8.17673
-8.17539
-8.1755
-8.18509
-8.20355
-8.17639
-8.17332
-8.17547
-8.17547
-8.17528
-8.17497
-8.17503
-8.17547
-8.1755
-8.1755
-8.17547
-8.17546
-8.17539
-8.17549
-8.17549
-8.17549
-8.17532
-8.17547
-8.17548
-8.17548
-8.18542
-8.18509
-8.17546
-8.18542
-8.17536
-8.17539
-8.17525
-8.17553
-8.17448
-8.17547
-8.17557
-8.17547
-8.17549
-8.17549
-8.17538
-8.17557
-8.17547
-8.17527
-8.17549
-8.17551
-8.17549
-8.17571
-8.18417
-8.18538
-8.17528
-8.18532
-8.17533
-8.17549
-8.17549
-8.17533
-8.19842
-8.17549
-8.17537
-8.17578
-8.17503
-8.17533
-8.18774
-8.1755
-8.17539
-8.17548
-8.17536
-8.1822
-8.1755
-8.1755
-8.17555
-8.17555
-8.17549
-8.17548
-8.17548
-8.17548
-8.17548
-8.17548
-8.17544
-8.1753
-8.17547
-8.17535
-8.17646
-8.17551
-8.17549
-8.17537

