-8.17543
-8.1755
-8.17539
-8.17547
-8.17536
-8.1753
-8.17551
-8.17549
-8.17549
-8.17537
-8.17549
-8.1755
-8.18542
-8.17536
-8.17548
-8.17548
-8.17548
-8.17544
-8.17536
-8.17544
-8.17548
-8.17539
-8.17539
-8.17539
-8.17536
-8.17548
-8.17548
-8.17548
-8.17536
-8.17548
-8.17548
-8.17548
-8.17548
-8.17548
-8.17548
-8.17539
-8.1755
-8.1755
-8.17546
-8.17543
-8.1755
-8.17536
-8.17536
-8.17559
-8.17539
-8.1755
-8.21103
-8.17576
-8.1755
-8.17496
-8.17545
-8.17539
-8.17539
-8.18486
-8.17544
-8.17548
-8.17536
-8.17536
-8.18804
-8.17547
-8.17533
-8.1754
-8.17547
-8.17553
-8.17538
-8.17538
-8.17547
-8.17538
-8.17548
-8.17548
-8.17536
-8.17548
-8.17547
-8.17672
-8.17596
-8.17538
-8.17557
-8.17524
-8.17533
-8.17547
-8.17515
-8.1755
-8.17536
-8.17576
-8.17548
-8.17539
-8.17548
-8.17548
-8.17548
-8.17548
-8.17539
-8.17483
-8.17544
-8.17536
-8.17587
-8.17548
-8.17548
-8.18758
-8.17512
-8.17539

