-8.17544
-8.17548
-8.17544
-8.17548
-8.17525
-8.17548
-8.17553
-8.1755
-8.17556
-8.17538
-8.17547
-8.17517
-8.17544
-8.17548
-8.17499
-8.17547
-8.17587
-8.1735
-8.17547
-8.17547
-8.17524
-8.17547
-8.17553
-8.18741
-8.17547
-8.17547
-8.17568
-8.17547
-8.17535
-8.17549
-8.19033
-8.17548
-8.17548
-8.17548
-8.17539
-8.1755
-8.17539
-8.17551
-8.17593
-8.17549
-8.17549
-8.17547
-8.17547
-8.17547
-8.18554
-8.17547
-8.17538
-8.17547
-8.17593
-8.17556
-8.17549
-8.17551
-8.17537
-8.17549
-8.17533
-8.17533
-8.17549
-8.17547
-8.17525
-8.17539
-8.17548
-8.17548
-8.17544
-8.17548
-8.19899
-8.17551
-8.18554
-8.17557
-8.17553
-8.18532
-8.17553
-8.17547
-8.18549
-8.18765
-8.17547
-8.18542
-8.1755
-8.1755
-8.17543
-8.17543
-8.1755
-8.1755
-8.17543
-8.17588
-8.17549
-8.17549
-8.17549
-8.17547
-8.17655
-8.17551
-8.17593
-8.17551
-8.18417
-8.18538
-8.17547
-8.1746
-8.17549
-8.18545
-8.18567
-8.17551

