-8.17547
-8.17548
-8.17549
-8.17549
-8.17551
-8.17562
-8.17549
-8.17551
-8.17537
-8.17549
-8.17527
-8.17532
-8.17547
-8.17593
-8.17535
-8.17549
-8.17547
-8.17554
-8.17549
-8.17549
-8.17551
-8.17518
-8.17533
-8.17549
-8.18538
-8.17538
-8.17596
-8.18356
-8.17442
-8.17549
-8.17503
-8.17548
-8.17548
-8.17548
-8.18562
-8.17544
-8.17548
-8.17548
-8.17536
-8.17539
-8.1755
-8.18538
-8.1745
-8.17536
-8.17536
-8.17548
-8.17548
-8.17548
-8.1755
-8.17546
-8.17551
-8.1735
-8.17525
-8.18751
-8.188
-8.17548
-8.17548
-8.1853
-8.17557
-8.18751
-8.17557
-8.17553
-8.18751
-8.18758
-8.1853
-8.17548
-8.17548
-8.17548
-8.17543
-8.17548
-8.17576
-8.17548
-8.18595
-8.18539
-8.17548
-8.18435
-8.1755
-8.1755
-8.1755
-8.17515
-8.17488
-8.1754
-8.1755
-8.1755
-8.17539
-8.1755
-8.1755
-8.1755
-8.17546
-8.1755
-8.1755
-8.17539
-8.1755
-8.1755
-8.17539
-8.17549
-8.17548
-8.17553
-8.1755
-8.17617

