-8.17547
-8.18741
-8.18741
-8.17547
-8.17532
-8.17547
-8.17535
-8.17549
-8.17549
-8.17549
-8.17547
-8.17547
-8.17547
-8.17536
-8.17548
-8.17536
-8.17548
-8.17548
-8.17548
-8.17548
-8.17548
-8.17543
-8.17547
-8.1755
-8.1754
-8.17543
-8.1755
-8.1755
-8.17576
-8.1755
-8.17549
-8.17549
-8.1755
-8.17537
-8.17573
-8.17549
-8.17551
-8.17537
-8.18631
-8.17556
-8.17442
-8.17553
-8.17557
-8.17547
-8.19882
-8.17547
-8.17554
-8.17537
-8.17535
-8.17534
-8.1755
-8.17543
-8.17549
-8.17525
-8.1755
-8.1755
-8.17539
-8.17548
-8.17517
-8.17547
-8.17547
-8.17524
-8.17547
-8.17547
-8.17547
-8.17547
-8.17544
-8.18539
-8.1756
-8.1755
-8.19914
-8.1755
-8.1755
-8.1755
-8.17515
-8.17539
-8.17549
-8.17532
-8.17547
-8.17549
-8.17549
-8.17549
-8.17537
-8.17533
-8.17576
-8.17544
-8.17576
-8.17548
-8.17539
-8.1755
-8.17548
-8.17548
-8.17548
-8.17543
-8.17617
-8.17539
-8.17548
-8.17548
-8.1859
-8.17539

