-8.17527
-8.17533
-8.17547
-8.17557
-8.17567
-8.17547
-8.18564
-8.17532
-8.17547
-8.17547
-8.17538
-8.17547
-8.17544
-8.17617
-8.17554
-8.17536
-8.17544
-8.17548
-8.17536
-8.17546
-8.17863
-8.17547
-8.17547
-8.18421
-8.17535
-8.1755
-8.17542
-8.17548
-8.17544
-8.17544
-8.17547
-8.17547
-8.18628
-8.17551
-8.17533
-8.17533
-8.17617
-8.18542
-8.207
-8.17549
-8.19916
-8.17547
-8.17558
-8.17539
-8.17537
-8.17556
-8.17549
-8.17549
-8.17549
-8.18539
-8.17539
-8.1754
-8.17543
-8.1755
-8.17545
-8.17548
-8.1849
-8.18562
-8.17544
-8.17548
-8.17536
-8.17548
-8.18751
-8.18751
-8.18751
-8.17548
-8.17551
-8.17547
-8.17557
-8.18751
-8.17548
-8.17544
-8.17539
-8.1755
-8.1755
-8.1755
-8.17544
-8.1861
-8.18549
-8.17544
-8.17543
-8.18542
-8.17496
-8.17546
-8.17549
-8.17533
-8.17537
-8.17551
-8.17549
-8.17549
-8.17547
-8.17527
-8.17551
-8.17537
-8.17556
-8.17547
-8.17549
-8.17537
-8.17549
-8.17549

