-8.18758
-8.18751
-8.18751
-8.1747
-8.17547
-8.17547
-8.17547
-8.17547
-8.18284
-8.17539
-8.17543
-8.17532
-8.17547
-8.17539
-8.17539
-8.1755
-8.17549
-8.17549
-8.17549
-8.1755
-8.1755
-8.17539
-8.17547
-8.17544
-8.17536
-8.17517
-8.17547
-8.17334
-8.17535
-8.17549
-8.17549
-8.17556
-8.17549
-8.17575
-8.17527
-8.1755
-8.17545
-8.17539
-8.17548
-8.17548
-8.17548
-8.17536
-8.17538
-8.17547
-8.17528
-8.17672
-8.17551
-8.17549
-8.17549
-8.17549
-8.1755
-8.1755
-8.1755
-8.1755
-8.1755
-8.17496
-8.17584
-8.1755
-8.17539
-8.1755
-8.17556
-8.19755
-8.17534
-8.18298
-8.18539
-8.17539
-8.18542
-8.17543
-8.17534
-8.1754
-8.1755
-8.17555
-8.17536
-8.17544
-8.17334
-8.17533
-8.18554
-8.17537
-8.17539
-8.17537
-8.17549
-8.17549
-8.17539
-8.1754
-8.17539
-8.17548
-8.17588
-8.17539
-8.17548
-8.17548
-8.17548
-8.17539
-8.17491
-8.17342
-8.18731
-8.18564
-8.17547
-8.17598
-8.17535
-8.17549

