-8.17537
-8.17549
-8.17551
-8.17549
-8.17533
-8.17549
-8.17549
-8.17549
-8.17547
-8.17562
-8.18773
-8.1754
-8.1755
-8.1755
-8.1755
-8.17576
-8.17537
-8.17549
-8.17551
-8.17537
-8.17537
-8.17537
-8.17549
-8.17549
-8.17548
-8.17537
-8.18774
-8.1755
-8.1754
-8.17539
-8.17539
-8.17576
-8.17539
-8.1755
-8.1755
-8.1755
-8.1755
-8.17616
-8.17543
-8.17556
-8.17551
-8.17549
-8.18556
-8.17497
-8.17527
-8.17547
-8.1755
-8.17539
-8.1755
-8.17539
-8.1755
-8.17558
-8.17553
-8.18539
-8.18539
-8.17499
-8.17535
-8.17532
-8.17547
-8.17553
-8.17547
-8.17547
-8.18876
-8.18663
-8.17548
-8.17548
-8.17549
-8.17547
-8.1754
-8.17547
-8.17547
-8.17553
-8.1755
-8.1755
-8.1754
-8.17549
-8.17539
-8.17587
-8.17549
-8.17548
-8.17549
-8.17539
-8.17588
-8.17549
-8.17576
-8.1754
-8.17539
-8.18538
-8.18539
-8.17548
-8.18539
-8.17559
-8.18595
-8.17536
-8.17548
-8.17548
-8.17547
-8.17547
-8.17547
-8.17613

