-8.17537
-8.18326
-8.17549
-8.17549
-8.17537
-8.17575
-8.1755
-8.17539
-8.17547
-8.17512
-8.17548
-8.17548
-8.17548
-8.17535
-8.17556
-8.17532
-8.17568
-8.17538
-8.17557
-8.17547
-8.17495
-8.17578
-8.17596
-8.17535
-8.17533
-8.17551
-8.17549
-8.17549
-8.17304
-8.17549
-8.17549
-8.17539
-8.17549
-8.17545
-8.1887
-8.17551
-8.17549
-8.18554
-8.17547
-8.17547
-8.17538
-8.17547
-8.17547
-8.18803
-8.18542
-8.18486
-8.18544
-8.17548
-8.17539
-8.17548
-8.17536
-8.17548
-8.17538
-8.17553
-8.18542
-8.17547
-8.1755
-8.17495
-8.17538
-8.17533
-8.17593
-8.18626
-8.1755
-8.1755
-8.18365
-8.17499
-8.17547
-8.17557
-8.17549
-8.17549
-8.17537
-8.17556
-8.17549
-8.17533
-8.17533
-8.17547
-8.19921
-8.17514
-8.18705
-8.20022
-8.1755
-8.18579
-8.17547
-8.1755
-8.17537
-8.17547
-8.17548
-8.17539
-8.17544
-8.17548
-8.17544
-8.17548
-8.17512
-8.17548
-8.17548
-8.17551
-8.17547
-8.17547
-8.17547
-8.17528

