-8.17549
-8.17549
-8.17665
-8.17528
-8.17548
-8.17549
-8.17537
-8.17549
-8.17549
-8.17547
-8.17553
-8.17547
-8.17547
-8.17528
-8.17547
-8.17547
-8.18542
-8.17547
-8.17539
-8.1755
-8.17547
-8.17512
-8.17548
-8.17536
-8.17553
-8.18435
-8.18542
-8.18431
-8.17584
-8.17556
-8.17549
-8.1752
-8.17503
-8.17547
-8.17548
-8.17548
-8.17548
-8.17512
-8.1755
-8.17547
-8.1755
-8.1754
-8.1755
-8.17543
-8.17539
-8.17556
-8.17543
-8.17423
-8.1755
-8.17593
-8.17551
-8.17549
-8.17547
-8.17557
-8.17538
-8.17596
-8.17549
-8.17491
-8.17556
-8.1896
-8.18574
-8.17549
-8.17655
-8.17547
-8.17537
-8.17549
-8.20034
-8.17537
-8.17549
-8.17549
-8.17528
-8.17547
-8.17548
-8.17551
-8.18137
-8.17548
-8.17548
-8.18938
-8.18396
-8.1754
-8.17539
-8.1754
-8.1755
-8.17536
-8.17536
-8.17548
-8.17587
-8.17548
-8.1853
-8.18904
-8.17539
-8.17539
-8.17639
-8.1755
-8.17549
-8.17532
-8.17547
-8.17547
-8.17549
-8.17543

