-8.17538
-8.17495
-8.17505
-8.17557
-8.1755
-8.17539
-8.1754
-8.1755
-8.1755
-8.17539
-8.17551
-8.17537
-8.17503
-8.17533
-8.17549
-8.17549
-8.17549
-8.17593
-8.17551
-8.17549
-8.17549
-8.17549
-8.17556
-8.17549
-8.17537
-8.17547
-8.17547
-8.17533
-8.17545
-8.17549
-8.17549
-8.17549
-8.17549
-8.17551
-8.17537
-8.17578
-8.17551
-8.17551
-8.1752
-8.17549
-8.17549
-8.17551
-8.17551
-8.18431
-8.17544
-8.17549
-8.17536
-8.17544
-8.17548
-8.17548
-8.17539
-8.1755
-8.17543
-8.17558
-8.1754
-8.1755
-8.1755
-8.17527
-8.1755
-8.1755
-8.17515
-8.1755
-8.17558
-8.17549
-8.17548
-8.1747
-8.17547
-8.17549
-8.17533
-8.1755
-8.17537
-8.17527
-8.17549
-8.17549
-8.17547
-8.17553
-8.17547
-8.17547
-8.17557
-8.17547
-8.17547
-8.17548
-8.17539
-8.1755
-8.1754
-8.17551
-8.17547
-8.17571
-8.17553
-8.17578
-8.17547
-8.17528
-8.17547
-8.17547
-8.17544
-8.17548
-8.17548
-8.17539
-8.17548
-8.18542

