-8.17548
-8.17551
-8.17548
-8.1754
-8.17528
-8.17544
-8.17536
-8.17548
-8.17544
-8.17548
-8.17509
-8.17551
-8.17527
-8.17549
-8.17549
-8.17533
-8.17528
-8.17524
-8.17547
-8.17528
-8.17549
-8.18765
-8.17509
-8.1755
-8.1755
-8.17547
-8.17544
-8.17551
-8.17547
-8.17547
-8.17549
-8.17572
-8.17596
-8.17547
-8.18751
-8.18751
-8.17551
-8.17535
-8.17533
-8.17533
-8.17549
-8.17556
-8.17525
-8.1754
-8.18622
-8.17549
-8.17548
-8.18324
-8.17532
-8.17547
-8.17544
-8.1751
-8.1755
-8.1754
-8.17533
-8.17554
-8.17549
-8.17578
-8.1884
-8.18782
-8.17428
-8.17544
-8.17543
-8.17539
-8.19857
-8.1755
-8.17546
-8.1853
-8.17551
-8.17538
-8.17547
-8.17547
-8.17538
-8.17553
-8.17495
-8.17535
-8.17549
-8.17549
-8.17551
-8.17549
-8.1754
-8.17539
-8.17576
-8.1755
-8.18574
-8.18765
-8.17551
-8.17535
-8.17545
-8.17547
-8.17578
-8.17448
-8.17578
-8.17578
-8.17535
-8.17549
-8.17549
-8.17549
-8.17549
-8.17547

