-8.1755
-8.17539
-8.1754
-8.17592
-8.17547
-8.17538
-8.17547
-8.17547
-8.17553
-8.17547
-8.17547
-8.17548
-8.17548
-8.17544
-8.17557
-8.17553
-8.17544
-8.17548
-8.17539
-8.17544
-8.17549
-8.17548
-8.17548
-8.17525
-8.17548
-8.17548
-8.17548
-8.17514
-8.17548
-8.09671
-8.17539
-8.17553
-8.17544
-8.17539
-8.1755
-8.18542
-8.17536
-8.17525
-8.17544
-8.17536
-8.18562
-8.18747
-8.17553
-8.17266
-8.17578
-8.17547
-8.17548
-8.17533
-8.17549
-8.17525
-8.17551
-8.17548
-8.17548
-8.17551
-8.17547
-8.17547
-8.17547
-8.17547
-8.17568
-8.17549
-8.18626
-8.17547
-8.18539
-8.17553
-8.17596
-8.17665
-8.17547
-8.17547
-8.17544
-8.17525
-8.1755
-8.17549
-8.17532
-8.17547
-8.17524
-8.17547
-8.17548
-8.17548
-8.17548
-8.17544
-8.17543
-8.1755
-8.1754
-8.17543
-8.17543
-8.1754
-8.1755
-8.1755
-8.1754
-8.1755
-8.1755
-8.17536
-8.17548
-8.17548
-8.17548
-8.17548
-8.17525
-8.17539
-8.17548
-8.17512

