-8.17548
-8.1861
-8.17538
-8.17547
-8.17578
-8.17551
-8.17537
-8.17549
-8.17535
-8.17549
-8.17549
-8.17549
-8.17549
-8.17553
-8.17547
-8.17547
-8.17547
-8.17538
-8.17547
-8.17547
-8.17547
-8.18663
-8.17544
-8.17539
-8.17548
-8.17536
-8.17525
-8.17549
-8.17536
-8.17548
-8.1755
-8.17423
-8.1755
-8.1755
-8.17584
-8.18539
-8.17544
-8.17512
-8.1755
-8.1755
-8.17536
-8.17548
-8.1755
-8.17546
-8.17548
-8.17576
-8.17551
-8.17547
-8.17536
-8.17548
-8.1755
-8.17546
-8.17539
-8.17489
-8.17555
-8.17536
-8.17539
-8.17547
-8.17544
-8.17548
-8.17548
-8.17544
-8.17548
-8.17548
-8.17587
-8.17548
-8.17548
-8.17547
-8.17557
-8.19882
-8.17553
-8.17524
-8.17549
-8.18412
-8.17553
-8.17547
-8.17549
-8.19916
-8.17549
-8.17551
-8.18765
-8.18844
-8.17549
-8.17533
-8.1755
-8.1754
-8.1755
-8.1755
-8.17546
-8.17512
-8.18542
-8.17549
-8.18554
-8.17535
-8.17551
-8.17549
-8.17548
-8.17548
-8.17544
-8.17536

