-8.18564
-8.17528
-8.17532
-8.17547
-8.17547
-8.17548
-8.17551
-8.17549
-8.17553
-8.17547
-8.17553
-8.17548
-8.17553
-8.18542
-8.18542
-8.1746
-8.17538
-8.17548
-8.17549
-8.17549
-8.17549
-8.17551
-8.17549
-8.17535
-8.17549
-8.17549
-8.18223
-8.1852
-8.17578
-8.17549
-8.17549
-8.17549
-8.17532
-8.17538
-8.17547
-8.17547
-8.17553
-8.17547
-8.17658
-8.17547
-8.17547
-8.17528
-8.17576
-8.17548
-8.17576
-8.17543
-8.17549
-8.17548
-8.1754
-8.18539
-8.18539
-8.17551
-8.17547
-8.17528
-8.17539
-8.1754
-8.1755
-8.17539
-8.17539
-8.1755
-8.18545
-8.17539
-8.17578
-8.18542
-8.18532
-8.17549
-8.17497
-8.17539
-8.17553
-8.18624
-8.17543
-8.17546
-8.17515
-8.17496
-8.1755
-8.1755
-8.1754
-8.17536
-8.17536
-8.17548
-8.17543
-8.17527
-8.17543
-8.17539
-8.18774
-8.17551
-8.19916
-8.17549
-8.17549
-8.17532
-8.17515
-8.17533
-8.17551
-8.17538
-8.1755
-8.17551
-8.17551
-8.17532
-8.17528
-8.17553

