-8.17547
-8.1755
-8.1755
-8.17588
-8.17536
-8.17548
-8.17547
-8.26868
-8.17548
-8.17548
-8.18539
-8.17548
-8.17551
-8.17547
-8.17547
-8.17544
-8.17548
-8.17551
-8.17578
-8.17549
-8.17549
-8.17556
-8.17503
-8.18774
-8.17551
-8.17549
-8.17551
-8.1752
-8.17568
-8.17448
-8.17553
-8.17538
-8.17445
-8.17548
-8.17547
-8.17547
-8.17547
-8.17553
-8.17547
-8.17547
-8.17547
-8.17528
-8.18629
-8.17553
-8.17553
-8.17547
-8.17547
-8.18538
-8.17593
-8.17533
-8.17551
-8.17551
-8.17549
-8.1755
-8.17543
-8.1754
-8.1755
-8.1755
-8.1755
-8.17536
-8.17576
-8.17536
-8.17539
-8.17548
-8.17587
-8.17547
-8.17548
-8.17527
-8.17584
-8.17539
-8.18556
-8.1755
-8.17547
-8.17547
-8.1754
-8.17533
-8.17533
-8.17549
-8.17506
-8.17549
-8.1752
-8.17533
-8.17549
-8.17534
-8.17536
-8.17539
-8.17548
-8.17539
-8.17515
-8.17548
-8.17548
-8.18547
-8.17548
-8.19899
-8.17549
-8.17548
-8.17548
-8.17548
-8.17544
-8.17548

