-8.17528
-8.17538
-8.18542
-8.17549
-8.18538
-8.18538
-8.17547
-8.17619
-8.18349
-8.17334
-8.17533
-8.17549
-8.17551
-8.17549
-8.17551
-8.17549
-8.1755
-8.1755
-8.1754
-8.1755
-8.17576
-8.17536
-8.17547
-8.17524
-8.17547
-8.17547
-8.19172
-8.17532
-8.17547
-8.17553
-8.17528
-8.17528
-8.17553
-8.17553
-8.17557
-8.17544
-8.17548
-8.17548
-8.17557
-8.17593
-8.17549
-8.17543
-8.17543
-8.17497
-8.17549
-8.17584
-8.1755
-8.1755
-8.17576
-8.17536
-8.17548
-8.17548
-8.17549
-8.17617
-8.17525
-8.17553
-8.17673
-8.17548
-8.17548
-8.17539
-8.17551
-8.17533
-8.17548
-8.17576
-8.18542
-8.17536
-8.17544
-8.17548
-8.17548
-8.17548
-8.17536
-8.17536
-8.17548
-8.17547
-8.17528
-8.17528
-8.17547
-8.17557
-8.17578
-8.17553
-8.17551
-8.17547
-8.17547
-8.17547
-8.17553
-8.18503
-8.1755
-8.17551
-8.17537
-8.17549
-8.1755
-8.1754
-8.17515
-8.1755
-8.1755
-8.1755
-8.17539
-8.1755
-8.17544
-8.17553

