-8.18765
-8.17564
-8.17544
-8.17544
-8.17559
-8.1754
-8.1754
-8.17512
-8.17548
-8.17548
-8.17512
-8.17548
-8.18525
-8.17543
-8.17544
-8.17539
-8.17547
-8.1887
-8.17539
-8.17539
-8.17548
-8.17525
-8.17536
-8.17539
-8.17539
-8.1755
-8.1754
-8.1754
-8.1754
-8.1755
-8.17555
-8.17548
-8.1861
-8.17557
-8.18554
-8.17535
-8.17537
-8.17556
-8.17549
-8.17533
-8.17527
-8.17547
-8.1755
-8.18565
-8.17546
-8.17539
-8.17657
-8.17548
-8.17548
-8.17548
-8.18741
-8.18741
-8.18562
-8.17548
-8.17548
-8.17544
-8.17544
-8.17548
-8.17576
-8.17587
-8.17548
-8.17548
-8.17544
-8.17548
-8.17491
-8.17532
-8.18758
-8.17548
-8.17548
-8.17544
-8.17549
-8.17536
-8.17525
-8.17539
-8.17548
-8.17539
-8.1756
-8.1754
-8.17549
-8.17536
-8.17584
-8.18539
-8.17546
-8.17547
-8.1754
-8.17543
-8.1755
-8.1754
-8.1755
-8.1754
-8.17543
-8.17651
-8.17549
-8.1755
-8.1755
-8.1754
-8.17423
-8.1755
-8.1755
-8.1755

