-8.17544
-8.17548
-8.17548
-8.17546
-8.18574
-8.17547
-8.17539
-8.17544
-8.17576
-8.17553
-8.17576
-8.17551
-8.17538
-8.17557
-8.17547
-8.17547
-8.17539
-8.17544
-8.17551
-8.17551
-8.17578
-8.1852
-8.17551
-8.17549
-8.17549
-8.1755
-8.17543
-8.1755
-8.17543
-8.17559
-8.17515
-8.17544
-8.17547
-8.17557
-8.17517
-8.17547
-8.18802
-8.17532
-8.17547
-8.17548
-8.17548
-8.17548
-8.17548
-8.17548
-8.17548
-8.17539
-8.17539
-8.17548
-8.17548
-8.17548
-8.17596
-8.17553
-8.17544
-8.17544
-8.17548
-8.17548
-8.17548
-8.17548
-8.17548
-8.17544
-8.17548
-8.17548
-8.17576
-8.17551
-8.17548
-8.17539
-8.17536
-8.17539
-8.17548
-8.17539
-8.18538
-8.18539
-8.17536
-8.1755
-8.17408
-8.17532
-8.18532
-8.17549
-8.17549
-8.17549
-8.17442
-8.17551
-8.17549
-8.1755
-8.1754
-8.1755
-8.1755
-8.17549
-8.17549
-8.17549
-8.17549
-8.17527
-8.17547
-8.17539
-8.18598
-8.17548
-8.17548
-8.17548
-8.17548
-8.17548

