-8.17503
-8.17549
-8.1752
-8.1887
-8.17548
-8.17532
-8.17547
-8.17538
-8.17553
-8.17547
-8.17548
-8.17539
-8.17547
-8.1755
-8.1755
-8.18574
-8.1858
-8.17547
-8.17543
-8.19914
-8.17547
-8.17539
-8.17639
-8.1755
-8.17497
-8.17533
-8.17505
-8.17538
-8.17547
-8.17547
-8.17517
-8.17547
-8.17549
-8.18765
-8.17547
-8.17527
-8.17527
-8.1755
-8.17543
-8.17543
-8.1755
-8.1754
-8.17543
-8.18412
-8.17483
-8.17536
-8.17553
-8.17576
-8.17539
-8.19083
-8.17547
-8.17499
-8.17547
-8.17554
-8.17572
-8.17562
-8.17549
-8.17537
-8.17556
-8.17547
-8.1755
-8.1754
-8.1755
-8.17553
-8.18509
-8.19351
-8.17539
-8.1755
-8.17528
-8.17549
-8.17549
-8.17491
-8.17617
-8.1822
-8.17539
-8.17555
-8.17547
-8.17556
-8.17548
-8.17536
-8.17548
-8.17539
-8.22735
-8.17557
-8.17549
-8.17537
-8.17647
-8.18542
-8.1755
-8.1755
-8.1755
-8.1755
-8.1755
-8.17548
-8.17548
-8.17576
-8.17536
-8.17527
-8.18582
-8.17547

