-8.17533
-8.17548
-8.17548
-8.18539
-8.17539
-8.17548
-8.17548
-8.17548
-8.17548
-8.17548
-8.17548
-8.17535
-8.17537
-8.17549
-8.18556
-8.17551
-8.17551
-8.17549
-8.17549
-8.17537
-8.17549
-8.17549
-8.17547
-8.17547
-8.17549
-8.18556
-8.17549
-8.17544
-8.17548
-8.17544
-8.17548
-8.17539
-8.17548
-8.17548
-8.17548
-8.17548
-8.17536
-8.17544
-8.17548
-8.17548
-8.17539
-8.17548
-8.17551
-8.17528
-8.17553
-8.17547
-8.17549
-8.17548
-8.18503
-8.18542
-8.17536
-8.17539
-8.17525
-8.17548
-8.17584
-8.17536
-8.18736
-8.17536
-8.17576
-8.17512
-8.17539
-8.17539
-8.17548
-8.17548
-8.17536
-8.17548
-8.17551
-8.17539
-8.1754
-8.1754
-8.17542
-8.17548
-8.17548
-8.17548
-8.17863
-8.18793
-8.17539
-8.17548
-8.17559
-8.17555
-8.17536
-8.17536
-8.17617
-8.17544
-8.17551
-8.17536
-8.17548
-8.1756
-8.1755
-8.1755
-8.1755
-8.17543
-8.17549
-8.17532
-8.17547
-8.17553
-8.20047
-8.17547
-8.17528
-8.17553

