-8.17549
-8.17593
-8.17551
-8.17549
-8.18774
-8.18599
-8.1755
-8.1755
-8.18498
-8.17548
-8.17544
-8.17548
-8.17548
-8.17547
-8.17547
-8.17535
-8.17549
-8.17549
-8.17547
-8.1755
-8.17536
-8.17548
-8.18444
-8.1755
-8.17537
-8.17537
-8.17549
-8.17442
-8.17532
-8.17528
-8.17528
-8.17672
-8.17578
-8.17524
-8.17517
-8.17538
-8.17568
-8.1755
-8.17535
-8.17537
-8.18765
-8.1755
-8.1755
-8.17546
-8.17548
-8.17548
-8.17587
-8.17428
-8.17548
-8.17527
-8.1755
-8.17515
-8.1755
-8.17543
-8.1755
-8.17539
-8.1755
-8.17549
-8.17549
-8.1852
-8.17578
-8.17524
-8.17547
-8.17547
-8.20073
-8.17547
-8.17547
-8.17547
-8.18532
-8.17557
-8.18765
-8.17537
-8.1752
-8.17537
-8.17503
-8.17533
-8.17486
-8.1755
-8.1755
-8.17536
-8.17548
-8.17544
-8.17548
-8.17548
-8.17544
-8.17539
-8.17543
-8.1755
-8.17547
-8.1755
-8.18765
-8.17517
-8.17528
-8.18542
-8.18542
-8.17547
-8.17547
-8.17578
-8.17553
-8.17539

