-8.17548
-8.17548
-8.17539
-8.17548
-8.17548
-8.18542
-8.1754
-8.17515
-8.1755
-8.17525
-8.1755
-8.1755
-8.1755
-8.1754
-8.17543
-8.1755
-8.1755
-8.17539
-8.18765
-8.1755
-8.17536
-8.1755
-8.17515
-8.1754
-8.18765
-8.17537
-8.17549
-8.18663
-8.17544
-8.17548
-8.17501
-8.1754
-8.17536
-8.17551
-8.17578
-8.17553
-8.17596
-8.17532
-8.17547
-8.19827
-8.17547
-8.18556
-8.17543
-8.17543
-8.1755
-8.17539
-8.17536
-8.17548
-8.17544
-8.17536
-8.17549
-8.17548
-8.1756
-8.1755
-8.1751
-8.17555
-8.17647
-8.17512
-8.17548
-8.17548
-8.17548
-8.17548
-8.17553
-8.1755
-8.17543
-8.17548
-8.18542
-8.18542
-8.17549
-8.17673
-8.17543
-8.17555
-8.17617
-8.17546
-8.18818
-8.1754
-8.1755
-8.1755
-8.17551
-8.17549
-8.17547
-8.17524
-8.17547
-8.17445
-8.18347
-8.17549
-8.17533
-8.17549
-8.17549
-8.17556
-8.17549
-8.17547
-8.17547
-8.17548
-8.17536
-8.17551
-8.17524
-8.17553
-8.17562
-8.17537

