-8.17588
-8.17533
-8.17551
-8.1755
-8.17536
-8.17592
-8.17547
-8.17547
-8.17535
-8.17537
-8.17537
-8.17549
-8.17549
-8.1752
-8.17533
-8.17537
-8.17549
-8.17593
-8.17547
-8.17547
-8.17533
-8.17587
-8.17536
-8.18542
-8.17553
-8.17548
-8.17539
-8.1755
-8.17547
-8.17547
-8.17547
-8.17578
-8.17547
-8.17537
-8.1755
-8.1754
-8.17543
-8.1755
-8.1755
-8.1754
-8.17533
-8.17549
-8.17553
-8.17539
-8.17548
-8.17548
-8.17549
-8.17548
-8.17539
-8.17539
-8.17548
-8.17548
-8.17548
-8.17548
-8.17536
-8.17576
-8.17536
-8.17551
-8.17547
-8.17553
-8.17581
-8.17536
-8.17617
-8.1755
-8.17515
-8.17551
-8.17547
-8.17559
-8.1754
-8.1746
-8.17517
-8.17547
-8.17547
-8.17547
-8.17547
-8.17547
-8.17547
-8.17547
-8.17517
-8.17547
-8.17547
-8.17547
-8.17553
-8.18539
-8.18539
-8.17539
-8.17539
-8.17489
-8.1754
-8.1755
-8.18327
-8.17548
-8.17536
-8.1756
-8.1755
-8.1755
-8.17496
-8.17543
-8.17549
-8.17617

