-8.17547
-8.17517
-8.17532
-8.17547
-8.19916
-8.17549
-8.17556
-8.17571
-8.17549
-8.17549
-8.17544
-8.17538
-8.17551
-8.17556
-8.17549
-8.17549
-8.17549
-8.17549
-8.18542
-8.17549
-8.17549
-8.17549
-8.18542
-8.18549
-8.17549
-8.18626
-8.18774
-8.1754
-8.1754
-8.1755
-8.17549
-8.17578
-8.17549
-8.17537
-8.17549
-8.1752
-8.17537
-8.17551
-8.17442
-8.17556
-8.17532
-8.18314
-8.19916
-8.18496
-8.17548
-8.17539
-8.1755
-8.17539
-8.17543
-8.1858
-8.17536
-8.1755
-8.17515
-8.17547
-8.17596
-8.17547
-8.17528
-8.17551
-8.1755
-8.1755
-8.1755
-8.17548
-8.17544
-8.17548
-8.17548
-8.17548
-8.1755
-8.17539
-8.17527
-8.17534
-8.17527
-8.17515
-8.17549
-8.17536
-8.17512
-8.1755
-8.17543
-8.17547
-8.17539
-8.17584
-8.17543
-8.17548
-8.17539
-8.17512
-8.17548
-8.17548
-8.17548
-8.18517
-8.17539
-8.1751
-8.17549
-8.17657
-8.17592
-8.17528
-8.17547
-8.17528
-8.17547
-8.17532
-8.17596
-8.17547

