-8.18539
-8.17539
-8.17539
-8.17587
-8.17544
-8.17549
-8.17548
-8.17544
-8.17548
-8.17673
-8.17517
-8.17553
-8.17553
-8.17571
-8.17567
-8.17553
-8.17547
-8.17547
-8.17538
-8.17525
-8.17548
-8.17548
-8.17542
-8.17539
-8.19899
-8.1861
-8.17548
-8.17587
-8.17544
-8.17548
-8.17514
-8.17548
-8.17548
-8.17548
-8.17559
-8.17543
-8.17515
-8.17617
-8.17544
-8.17548
-8.17536
-8.17549
-8.17548
-8.17539
-8.17548
-8.17551
-8.17547
-8.17578
-8.17547
-8.17557
-8.17547
-8.17528
-8.17533
-8.17549
-8.17549
-8.17549
-8.17532
-8.17528
-8.17551
-8.17549
-8.17548
-8.17549
-8.17573
-8.17548
-8.17548
-8.17548
-8.17554
-8.17548
-8.17543
-8.17549
-8.17549
-8.17548
-8.17548
-8.17547
-8.17528
-8.18564
-8.18538
-8.18564
-8.17547
-8.17553
-8.17553
-8.17547
-8.17527
-8.1934
-8.17874
-8.18765
-8.17507
-8.17587
-8.18565
-8.17548
-8.17548
-8.17548
-8.17548
-8.1822
-8.18419
-8.17617
-8.17544
-8.17544
-8.17547
-8.17524

