-8.22372
-8.90382
-8.55678
-7.93757
-8.90382
-7.88392
-9.31783
-8.18802
-7.88392
-7.88392
-7.88392
-8.18802
-8.97789
-7.88392
-7.88392
-7.88392
-8.21667
-7.88392
-8.22372
-7.88392
-8.55678
-9.28207
-8.22372
-7.88392
-7.88392
-7.88392
-7.88392
-8.21667
-7.88392
-7.93757
-8.27756
-7.88392
-8.55678
-7.88392
-7.93757
-7.88392
-7.88392
-8.21667
-8.97507
-7.88392
-7.88392
-7.88392
-7.88392
-8.21667
-8.97507
-7.82467
-7.88392
-8.22372
-8.22372
-7.82467
-8.18802
-7.88392
-8.16919
-7.88392
-7.88392
-8.22372
-7.88392
-7.86509
-7.88392
-8.22372
-7.88392
-8.18802
-7.88392
-7.86509
-7.88392
-8.97789
-7.88392
-7.88392
-8.22372
-7.88392
-8.22372
-8.15175
-8.22372
-7.88392
-8.52074
-7.88392
-7.88392
-8.18802
-8.21667
-7.88392
-8.21667
-8.55678
-7.88392
-8.58178
-8.49108
-7.88392
-7.88392
-8.22372
-7.88392
-8.97507
-7.82467
-7.88392
-7.88392
-8.90382
-9.47084
-8.22372
-7.88392
-8.58178
-7.88392
-7.88392

