-7.88392
-7.88392
-8.18802
-8.52074
-7.88392
-8.21667
-7.88392
-8.22372
-8.22372
-7.82467
-8.55678
-8.97789
-7.88392
-7.88392
-8.21667
-7.88392
-7.88392
-8.18802
-8.18802
-8.2418
-8.97507
-7.88392
-7.88392
-8.55678
-8.22372
-7.88392
-9.27918
-8.22372
-7.88392
-7.88392
-7.88392
-7.88392
-8.18802
-7.88392
-7.88392
-7.88392
-9.27918
-8.22372
-8.97789
-7.88392
-8.21667
-7.88392
-8.22372
-8.18802
-8.21667
-7.88392
-7.88392
-8.21667
-7.93757
-7.86509
-7.88392
-7.88392
-8.21667
-8.22372
-8.18802
-8.18802
-7.88392
-7.82467
-8.21667
-7.88392
-7.88392
-7.93757
-8.97507
-8.22372
-7.88392
-7.91794
-7.88392
-9.28207
-7.88392
-7.88392
-8.18802
-7.88392
-8.2418
-7.88392
-7.93757
-7.93757
-8.18802
-8.18802
-8.52074
-8.22372
-8.16401
-7.82467
-8.21667
-8.21667
-7.88392
-9.99502
-9.30796
-8.27756
-8.21667
-7.88392
-8.18802
-8.97507
-7.88392
-8.21667
-7.88392
-8.18802
-7.88392
-7.88392
-7.88392
-7.88392

