-8.18802
-7.93757
-8.97507
-7.88392
-8.97789
-7.88392
-8.52074
-8.21667
-9.20794
-7.88392
-8.22372
-8.97789
-8.22372
-7.88392
-9.47084
-8.21667
-7.88392
-8.97789
-8.97789
-7.88392
-7.88392
-7.88392
-8.52074
-7.86509
-8.21667
-8.18802
-8.18802
-8.27363
-7.88392
-7.93757
-7.88392
-7.88392
-7.86509
-7.93757
-7.88392
-7.86509
-7.88392
-7.88392
-7.88392
-7.88392
-8.97507
-7.88392
-8.97507
-7.93757
-7.88392
-7.88392
-7.88392
-8.21667
-7.88392
-7.88392
-8.97507
-7.88392
-7.88392
-8.97789
-7.88392
-7.88392
-8.21667
-8.18802
-7.82467
-8.21667
-7.88392
-7.88392
-7.88392
-8.18802
-8.97789
-8.97789
-7.88392
-7.88392
-7.88392
-8.22372
-7.82467
-8.22372
-7.88392
-7.88392
-7.88392
-7.88392
-8.18802
-7.88392
-7.82467
-9.30796
-7.88392
-9.30796
-7.93757
-7.88392
-7.88392
-7.93757
-8.22372
-8.18802
-7.88392
-8.52783
-7.82467
-7.88392
-8.21667
-8.22372
-7.86509
-8.21667
-7.93757
-7.88392
-7.88392
-7.88392

