-8.18618
-8.09564
-8.18618
-7.99153
-8.18618
-8.18618
-7.78117
-8.03312
-1.1787
-8.23681
-8.18618
-8.23681
-8.11415
-8.18618
-8.18618
-8.18618
-8.18618
-8.17519
-8.18618
-8.18618
-8.18618
-8.03312
-8.18618
-7.37937
-8.23681
-8.26721
-8.23681
-8.13879
-8.18618
-8.18618
-8.14544
-8.06726
-8.11415
-8.18618
-8.18618
-8.18618
-8.18618
-8.23681
-8.11415
-8.13388
-8.17519
-8.18618
-8.18618
-8.17519
-8.18618
-8.18618
-8.23681
-8.14544
-8.09564
-8.37291
-8.18618
-8.00583
-8.17331
-8.18618
-8.18618
-8.18618
-8.13388
-8.17519
-7.7414
-8.14544
-8.18618
-8.17519
-8.18618
-8.4715
-8.18618
-8.11415
-8.18618
-8.18618
-8.18618
-8.23681
-8.09564
-8.17519
-8.18618
-8.18618
-8.09564
-8.20209
-8.18618
-8.18618
-8.18618
-7.97535
-8.13388
-8.18618
-8.41507
-8.18618
-8.18618
-8.18618
-7.02527
-8.18618
-8.06726
-8.06726
-8.17519
-8.34685
-8.17519
-8.18618
-8.23681
-8.17519
-8.10731
-8.18618
-8.2981
-8.17519

