-7.93757
-8.21667
-8.18802
-7.88392
-7.88392
-7.88392
-8.22372
-8.21667
-8.21667
-8.21667
-7.88392
-7.88392
-7.88392
-7.80499
-8.86085
-7.88392
-7.88392
-8.97789
-8.22372
-7.88392
-7.88392
-8.91565
-8.18802
-7.88392
-7.88392
-9.20794
-7.86509
-7.88392
-8.52783
-7.93757
-7.88392
-8.2418
-8.52783
-8.55678
-7.88392
-7.88392
-8.52783
-8.9586
-7.88392
-8.90382
-7.88392
-7.88392
-7.88392
-8.97789
-8.90382
-7.88392
-8.22372
-7.88392
-7.88392
-7.88392
-7.88392
-8.18802
-7.88392
-7.88392
-7.88392
-8.22372
-7.88392
-7.88392
-8.22372
-7.88392
-7.88392
-8.21667
-7.88392
-7.88392
-8.97507
-8.52783
-8.52074
-7.88392
-8.97507
-8.97507
-8.97789
-7.88392
-7.88392
-7.88392
-8.21667
-9.47084
-8.97789
-8.97507
-7.86509
-8.22372
-7.88392
-8.90382
-8.21667
-8.15175
-8.55678
-8.21667
-8.52074
-8.18802
-8.21667
-8.97507
-8.22372
-8.22372
-7.88392
-8.21667
-8.21667
-9.02832
-7.88392
-8.18802
-7.88392
-7.82467

