-8.07064
-8.18618
-8.06726
-8.18618
-8.26721
-8.18618
-6.49851
-8.21075
-8.17519
-8.17331
-8.15821
-8.17519
-8.13879
-8.11415
-8.18618
-8.13388
-8.09564
-8.18618
-8.18618
-8.13879
-8.18618
-8.18618
-7.98868
-8.07064
-7.44217
-8.18618
-8.09564
-8.13879
-7.82563
-8.18618
-8.14544
-8.18618
-8.18618
-8.23681
-8.18618
-8.20209
-8.11415
-8.18618
-8.11415
-8.14544
-8.18618
-8.17519
-7.98324
-8.18618
-8.15821
-8.58678
-8.18618
-8.03312
-8.18618
-8.18618
-8.18618
-8.06726
-8.18618
-8.18618
-8.18618
-8.18618
-7.44217
-8.09564
-8.18618
-8.17519
-8.17519
-8.10134
-8.26721
-8.18618
-8.23681
-8.06726
-8.18618
-8.15821
-8.28592
-7.77982
-8.35069
-8.17519
-8.11415
-8.07064
-8.03312
-8.09564
-8.11415
-8.18618
-8.15821
-8.09564
-8.17519
-8.17519
-8.18618
-8.17519
-8.11415
-8.13879
-8.18618
-8.17519
-8.17519
-8.18618
-8.13388
-8.18618
-8.18618
-8.18618
-8.18618
-8.24646
-8.23681
-8.18618
-8.15821
-8.18618

