-8.97507
-7.88392
-8.22372
-7.88392
-8.21667
-8.90382
-7.86509
-7.88392
-7.88392
-7.88392
-8.22372
-7.88392
-7.88392
-7.88392
-8.50206
-7.88392
-7.88392
-7.93757
-7.82467
-7.88392
-8.52074
-7.88392
-8.22372
-7.88392
-7.88392
-7.88392
-8.88482
-7.88392
-7.82467
-8.21667
-7.88392
-7.88392
-7.86509
-8.18802
-8.55678
-8.22372
-7.88392
-7.93757
-8.18802
-7.88392
-8.16401
-7.88392
-7.88392
-7.88392
-8.90382
-8.21667
-7.88392
-8.18802
-7.88392
-7.88392
-7.88392
-8.16401
-7.88392
-7.88392
-7.88392
-7.88392
-7.88392
-8.22372
-8.9586
-8.90382
-7.88392
-7.88392
-7.88392
-8.52074
-7.93757
-8.90382
-7.88392
-7.88392
-7.88392
-8.12922
-7.88392
-8.52783
-7.88392
-7.93757
-7.88392
-7.88392
-7.88392
-7.86509
-8.21667
-7.88392
-7.80499
-8.88482
-8.21667
-7.88392
-8.97789
-8.18802
-8.16919
-8.55678
-7.88392
-7.88392
-7.88392
-8.21667
-7.93757
-8.16919
-7.88392
-7.86509
-7.88392
-9.29226
-7.93757
-7.88392

