-7.88392
-8.97507
-8.18802
-7.88392
-7.88392
-7.88392
-7.88392
-8.18802
-8.21667
-7.88392
-8.27756
-7.86509
-8.22372
-7.93757
-7.88392
-7.88392
-8.97789
-7.88392
-7.88392
-7.88392
-8.97507
-8.18802
-8.16401
-7.93757
-8.16401
-7.88392
-7.88392
-8.18802
-8.97789
-7.88392
-7.88392
-7.88392
-7.88392
-8.22372
-8.21667
-8.2418
-7.88392
-7.88392
-7.88392
-7.88392
-8.22372
-8.21667
-7.88392
-7.88392
-7.88392
-8.22372
-7.88392
-8.22372
-7.88392
-8.18802
-8.21667
-7.88392
-7.88392
-7.86509
-7.88392
-7.88392
-7.88392
-7.88392
-8.22372
-7.88392
-7.88392
-8.22372
-7.88392
-7.86509
-7.88392
-8.21667
-8.2418
-7.88392
-8.21667
-7.88392
-8.97507
-7.88392
-7.82467
-8.22372
-7.86509
-7.86509
-8.52074
-7.88392
-8.97507
-7.88392
-8.18802
-7.86509
-7.88392
-8.21667
-8.21667
-7.93757
-7.88392
-8.97789
-7.86509
-7.88392
-8.21667
-7.88392
-7.88392
-7.88392
-8.18802
-7.82467
-7.88392
-7.88392
-8.18802
-10.0687

