-8.18618
-8.15821
-7.97535
-8.14544
-8.18618
-8.14544
-8.18618
-8.17519
-8.07615
-8.18618
-4.91199
-8.18618
-8.17519
-8.17519
-8.11415
-8.23681
-8.11415
-8.14544
-8.20209
-8.18618
-8.26721
-8.23681
-8.18618
-8.23681
-8.06726
-8.26721
-8.18618
-8.18618
-8.15821
-5.49087
-8.18618
-8.23681
-8.18618
-8.06726
-8.11415
-8.18618
-8.18618
-8.24497
-8.18618
-8.18618
-8.18618
-8.14544
-8.18618
-8.11415
-8.03312
-8.00583
-8.03312
-8.08481
-8.18618
-8.18618
-7.58523
-8.14544
-8.18618
-8.23681
-8.15831
-8.18618
-8.17519
-8.03312
-8.18618
-8.23681
-8.09564
-7.50249
-8.28592
-8.18618
-8.18618
-8.18618
-8.19007
-8.18618
-8.18618
-8.18618
-8.18618
-8.24646
-8.23681
-8.18618
-8.18618
-8.23681
-8.23681
-8.17519
-8.17519
-8.24497
-8.18618
-8.4715
-8.18618
-8.17331
-8.17331
-8.34009
-8.18618
-8.18618
-8.17519
-8.11415
-8.18618
-8.18618
-8.17331
-8.24497
-8.15821
-8.18618
-8.09564
-7.88249
-5.53822
-5.76563

