-8.23681
-8.17519
-8.23681
-8.23681
-8.18618
-8.17519
-7.85665
-8.18618
-8.13388
-8.03312
-8.09564
-8.07615
-8.35069
-7.97535
-8.18618
-8.18618
-8.12956
-7.85665
-8.41507
-8.09564
-8.23681
-8.18618
-8.18618
-8.15821
-8.23681
-8.23681
-8.18618
-8.17519
-8.18618
-8.18618
-7.97535
-8.18618
-8.06726
-8.26721
-8.13388
-8.13879
-8.17519
-8.3176
-8.18618
-8.06726
-8.06726
-8.18618
-8.19007
-8.14544
-8.18618
-8.18618
-8.09564
-8.17519
-8.18618
-8.11415
-8.23681
-8.17964
-8.20346
-8.07615
-8.13879
-8.18618
-8.06726
-8.18618
-8.11415
-8.18618
-8.26721
-8.11415
-8.14544
-8.17519
-8.17519
-8.18618
-8.14544
-8.18618
-8.73879
-7.91416
-7.98324
-8.18618
-8.23681
-8.23681
-7.92999
-8.17519
-8.18618
-8.03312
-8.18618
-8.17519
-8.00583
-8.09564
-8.06726
-8.08585
-8.18618
-8.18618
-8.23681
-8.18618
-8.17331
-8.17519
-8.18618
-8.23681
-8.23681
-8.18618
-8.17964
-8.18618
-8.11415
-8.18618
-8.17519
-8.37291

