-7.88392
-8.86085
-7.88392
-8.97507
-7.88392
-8.97789
-7.88392
-8.90382
-7.88392
-10.0687
-8.22372
-7.88392
-7.88392
-8.52074
-8.97789
-8.18802
-8.52074
-7.88392
-8.52074
-8.21667
-8.27756
-8.22372
-8.90382
-7.88392
-7.88392
-7.88392
-8.21667
-7.88392
-8.22372
-8.18802
-8.21667
-9.31783
-8.90382
-8.22372
-8.21667
-7.93757
-7.88392
-8.21667
-7.88392
-7.88392
-7.93757
-7.88392
-8.27756
-7.88392
-7.88392
-8.21667
-7.86509
-7.88392
-7.88392
-7.88392
-7.88392
-7.88392
-8.90382
-7.88392
-7.88392
-8.21667
-7.93757
-7.86509
-7.88392
-8.22372
-7.88392
-8.88482
-8.21667
-8.21667
-8.21667
-7.88392
-8.18802
-9.31783
-7.88392
-7.88392
-7.88392
-7.88392
-8.97789
-7.88392
-8.2418
-8.27756
-7.88392
-7.88392
-7.91794
-8.90382
-8.97789
-7.88392
-7.88392
-8.22372
-7.88392
-7.88392
-8.16919
-8.18802
-8.55678
-7.88392
-8.22372
-7.88392
-7.88392
-9.24333
-8.21667
-8.22372
-8.22372
-7.82467
-8.18802
-7.88392

