-8.20209
-8.18618
-8.11415
-8.18618
-8.23681
-8.11415
-8.14544
-8.18618
-8.2981
-8.18618
-7.8261
-8.17964
-8.08481
-8.17519
-8.24497
-8.18618
-8.23681
-8.14544
-8.18618
-8.17519
-8.06726
-8.07613
-8.11415
-8.11415
-8.17519
-8.07613
-7.97535
-8.17519
-8.18618
-8.26721
-8.17331
-8.11415
-8.18618
-8.09564
-8.34009
-7.97535
-8.15831
-8.11415
-8.18618
-8.18618
-8.14544
-8.18618
-8.18618
-8.15821
-8.23681
-8.18618
-8.23681
-8.14544
-8.17331
-7.44217
-8.09564
-8.18618
-8.18618
-8.18618
-7.42346
-8.26721
-8.14544
-8.18618
-8.18618
-8.23681
-8.47166
-8.48464
-8.18618
-8.18618
-8.23681
-8.15821
-8.13879
-8.11415
-8.18618
-8.18618
-8.26721
-8.15821
-8.18618
-8.15821
-8.48464
-8.26721
-6.08535
-8.18618
-8.03312
-8.42665
-8.48464
-8.09564
-8.58678
-8.11415
-8.18618
-8.03312
-8.15821
-8.23681
-8.18618
-8.15821
-8.18618
-8.18618
-8.17519
-8.18618
-8.13879
-8.23681
-8.23681
-8.11415
-8.18618
-8.23681

