-8.17519
-8.18618
-8.13879
-8.00583
-8.14544
-8.15821
-8.18618
-8.24158
-8.15821
-8.17519
-8.15821
-8.18618
-8.18618
-8.17519
-8.17519
-8.17519
-8.18618
-7.13189
-8.13388
-8.23681
-8.09564
-8.18618
-8.23681
-8.14544
-8.20209
-8.11415
-8.11415
-7.99153
-8.23681
-8.18618
-8.09564
-8.17519
-8.18618
-8.14544
-8.11415
-8.17331
-8.18618
-8.06726
-8.18618
-3.03583
-7.88249
-8.12956
-8.23681
-8.03312
-8.13388
-8.18618
-8.18618
-8.08481
-8.18618
-8.11415
-8.18618
-8.09564
-8.18618
-8.03312
-8.09564
-8.18618
-8.18618
-8.18618
-8.23681
-8.11415
-8.13879
-8.18618
-8.23681
-8.3317
-8.23681
-8.14544
-8.18618
-8.14544
-8.18618
-8.07613
-8.18618
-8.17519
-8.23681
-8.2981
-8.18618
-8.18618
-8.4229
-8.13879
-8.18618
-8.18618
-8.26721
-8.23681
-8.18618
-8.14544
-8.24646
-8.18618
-8.08481
-8.18618
-7.7414
-8.23681
-8.15831
-8.06726
-8.18618
-8.17519
-8.17519
-8.11415
-8.18618
-8.18618
-8.07613
-8.11415

