-8.21667
-8.18802
-7.88392
-8.22372
-7.88392
-9.31783
-7.88392
-7.88392
-8.97507
-8.97789
-7.88392
-7.91794
-7.88392
-8.21667
-7.88392
-9.28207
-8.97789
-7.88392
-8.52783
-7.88392
-8.21667
-8.12922
-8.18802
-7.93757
-7.88392
-7.88392
-8.97789
-8.97789
-7.88392
-7.88392
-8.52074
-7.88392
-7.93757
-7.88392
-8.21667
-8.18802
-8.97789
-7.88392
-7.93757
-9.20794
-8.55678
-7.88392
-8.21667
-8.21667
-8.22372
-7.86509
-7.88392
-8.46856
-8.21667
-7.80499
-7.88392
-8.22372
-8.21667
-7.88392
-8.21667
-7.86509
-8.22372
-7.93757
-7.88392
-7.88392
-8.9586
-7.88392
-8.21667
-8.22372
-7.88392
-7.88392
-7.93757
-7.88392
-8.18802
-7.88392
-8.90382
-9.20794
-7.88392
-8.97507
-8.18802
-7.88392
-8.22372
-8.22372
-8.52783
-7.88392
-7.88392
-8.22372
-8.97789
-7.88392
-7.88392
-7.88392
-7.88392
-7.88392
-7.88392
-8.55678
-8.21667
-7.88392
-8.22372
-8.90382
-7.88392
-8.21667
-8.18802
-8.97789
-7.88392
-7.88392

