-8.23681
-8.09564
-8.18618
-8.14544
-8.11415
-8.24646
-8.18618
-8.18618
-8.03312
-8.18618
-8.06726
-8.17331
-8.14544
-8.18618
-8.18618
-8.06726
-8.29145
-8.17519
-8.13879
-8.28592
-8.18618
-8.18618
-8.18618
-8.06726
-8.15821
-8.23681
-8.20209
-8.18618
-8.18618
-8.17519
-8.13388
-8.34685
-8.17331
-8.18618
-8.18618
-8.11415
-8.18618
-8.00583
-8.23681
-8.23681
-8.18618
-8.06726
-8.18618
-8.18618
-8.18618
-8.44933
-8.14704
-8.4229
-8.18618
-8.26721
-8.11415
-8.14544
-8.11415
-8.18618
-8.06726
-8.11415
-8.23681
-8.18618
-8.08481
-8.17331
-8.23681
-8.06726
-8.11415
-8.18618
-8.44933
-8.09564
-8.18618
-8.18618
-8.18618
-8.13388
-4.69389
-8.17519
-8.07321
-8.18618
-8.15821
-8.11415
-8.23681
-8.14544
-8.18618
-8.18618
-8.18618
-8.18618
-8.11415
-8.15821
-8.06726
-8.18618
-8.18618
-8.26721
-8.18618
-8.18618
-8.26721
-8.42665
-8.18618
-8.18618
-8.23681
-8.18618
-8.23681
-8.18618
-8.18618
-7.88249

