-8.17519
-8.18618
-8.26721
-8.37521
-8.11415
-8.18618
-8.18618
-8.06726
-8.18618
-8.18618
-8.18618
-8.14544
-8.17519
-8.28592
-8.11415
-8.18618
-8.18618
-8.18618
-8.18618
-7.97535
-8.18618
-8.15296
-8.18618
-8.18618
-8.00583
-8.06726
-8.06726
-8.18618
-8.18618
-7.97535
-8.17331
-8.18618
-8.17519
-8.18618
-8.2552
-8.18618
-8.18618
-8.11415
-8.17331
-8.18618
-7.98324
-8.14544
-8.06726
-8.18618
-7.97535
-8.18618
-8.14544
-8.23681
-8.23681
-8.13388
-7.13388
-8.18618
-8.24646
-8.11415
-8.23681
-8.11415
-8.18618
-8.18618
-4.75258
-8.00583
-8.18618
-8.18618
-8.06726
-8.07321
-8.13879
-8.15821
-8.18618
-8.11415
-8.14544
-8.15296
-8.06726
-8.06726
-8.18618
-8.23681
-7.97535
-8.07321
-8.18618
-8.23681
-8.17519
-8.18618
-8.18618
-8.17519
-8.11415
-7.29942
-8.10134
-8.09564
-8.14544
-8.23681
-8.23681
-8.26721
-8.08481
-8.18618
-8.18618
-8.18618
-7.42969
-6.32583
-7.92999
-8.26721
-8.18618
-8.18618

