-8.21667
-8.97789
-8.18802
-7.88392
-7.88392
-7.88392
-7.88392
-7.93757
-7.88392
-7.88392
-8.21667
-7.88392
-8.22372
-8.21667
-8.97789
-7.88392
-7.88392
-7.88392
-7.88392
-7.88392
-7.88392
-8.21667
-8.21667
-8.97789
-7.88392
-7.88392
-7.88392
-7.88392
-8.52074
-7.88392
-7.88392
-7.88392
-8.55678
-7.88392
-8.52074
-9.47084
-8.19799
-7.88392
-7.82467
-8.90382
-7.88392
-8.18802
-8.97507
-8.97507
-7.88392
-7.88392
-8.21667
-7.88392
-8.2418
-7.88392
-8.21667
-7.88392
-8.18802
-8.22372
-8.18802
-7.88392
-7.88392
-8.18802
-8.22372
-8.18802
-7.88392
-8.21667
-7.86509
-8.22372
-7.88392
-8.97507
-7.88392
-7.82467
-7.88392
-7.88392
-7.88392
-9.31783
-7.88392
-7.88392
-8.55678
-7.88392
-7.88392
-7.88392
-8.16401
-8.22372
-7.93757
-7.88392
-7.96538
-8.18802
-8.15175
-8.55678
-7.88392
-7.88392
-8.15175
-8.90382
-7.88392
-7.86509
-8.22372
-7.88392
-7.88392
-7.88392
-8.18802
-8.21667
-7.88392
-7.93757

