-8.11415
-8.17519
-8.11415
-8.18618
-8.4715
-8.48464
-8.17519
-8.18618
-8.18618
-8.11415
-8.23681
-8.13388
-8.11415
-8.18618
-8.18618
-8.18618
-8.23681
-8.03312
-8.18618
-8.18618
-8.13879
-8.18618
-8.18618
-8.18618
-8.17519
-8.18618
-8.18618
-8.03312
-8.19007
-8.18618
-8.18618
-8.18618
-8.23681
-8.18618
-8.18618
-8.23681
-8.24646
-8.18618
-8.17331
-8.18618
-8.20209
-8.18618
-8.14544
-8.18618
-8.15296
-7.92999
-8.18618
-8.23681
-8.18618
-7.88249
-0.723971
-8.23681
-8.37291
-8.11415
-8.18618
-8.17519
-8.18618
-8.18618
-8.11415
-8.17519
-8.18618
-8.13879
-8.17519
-8.37521
-8.18618
-8.18618
-7.88249
-8.23681
-8.18618
-8.18618
-8.23681
-8.18618
-8.18618
-8.07613
-8.14544
-8.18618
-8.15821
-8.24497
-8.20209
-8.18618
-8.23681
-8.13388
-8.18618
-8.18618
-8.18618
-8.18618
-8.14544
-8.14544
-8.17331
-8.07321
-8.18618
-8.03312
-8.11415
-8.15831
-8.2981
-7.97535
-8.48464
-8.06726
-8.35069
-8.20209

