-8.13388
-8.13388
-8.18618
-8.18618
-8.17519
-8.15821
-8.18618
-8.18618
-8.18618
-8.11415
-8.24646
-8.18618
-8.11415
-8.17519
-8.17519
-8.11415
-8.23681
-8.17519
-8.18618
-8.26721
-8.15821
-8.17519
-8.14544
-8.18618
-8.18618
-8.37291
-8.17519
-8.18618
-8.18618
-8.2552
-8.18618
-8.17519
-8.18618
-8.09564
-8.18618
-8.18618
-8.17519
-8.18618
-4.91199
-8.23681
-8.17519
-8.18618
-8.23681
-8.17519
-8.03312
-8.06726
-8.13879
-8.18618
-8.11415
-8.11415
-8.33288
-8.18618
-8.18618
-8.23681
-6.93875
-8.18618
-8.26721
-8.08481
-8.44933
-8.18618
-8.11415
-8.23681
-7.7414
-8.20867
-8.18618
-8.15821
-8.18618
-7.97535
-8.08481
-8.15821
-8.18618
-8.37291
-8.17519
-8.18618
-8.03312
-8.18618
-8.18618
-7.88249
-8.44933
-8.09564
-8.18618
-7.88249
-8.13388
-1.46386
-8.10134
-7.97535
-8.13879
-8.11415
-8.15821
-8.17519
-4.91199
-8.18618
-8.15821
-8.18618
-8.18618
-8.17519
-8.26721
-8.06726
-8.18618
-8.18618

