-8.06726
-8.17519
-8.18618
-8.18618
-8.26721
-8.23681
-8.24943
-8.06726
-8.06726
-8.18618
-8.09564
-8.11415
-8.37291
-7.28645
-8.2552
-3.60095
-8.18618
-8.18618
-8.26721
-8.08481
-8.18618
-8.13388
-8.11415
-8.23681
-8.11415
-8.18618
-8.15821
-8.26721
-8.18618
-7.98324
-8.23681
-8.08481
-7.97535
-7.42346
-8.15821
-8.14544
-8.18618
-8.15455
-8.26721
-8.24646
-8.18618
-8.18618
-8.00583
-8.18618
-8.18618
-4.67459
-8.14544
-8.18618
-8.23681
-8.11415
-8.18618
-7.92999
-8.11415
-8.23681
-8.23681
-8.18618
-8.13879
-8.17519
-8.18618
-8.18618
-8.14544
-8.03312
-8.06726
-8.17519
-8.17519
-8.18618
-8.24497
-8.18618
-8.44184
-8.18618
-7.98324
-7.61455
-7.14501
-8.2981
-6.65284
-8.23681
-8.15821
-7.61632
-8.17519
-8.02494
-8.18618
-8.18618
-8.11415
-8.17519
-8.17519
-8.2981
-8.23681
-8.11415
-8.18618
-8.17519
-8.13388
-8.18618
-8.26721
-8.15821
-7.88249
-8.14544
-7.99153
-8.37291
-8.28592
-8.18618

