-7.88392
-8.52783
-8.21667
-7.88392
-8.22372
-7.88392
-7.88392
-7.88392
-8.16401
-7.88392
-7.88392
-7.93757
-7.88392
-7.88392
-9.24333
-7.88392
-7.88392
-9.99502
-8.21667
-8.97507
-7.88392
-7.88392
-7.88392
-8.97507
-7.88392
-8.21667
-7.88392
-8.21667
-8.22372
-7.88392
-8.21667
-8.90382
-8.21667
-7.88392
-8.21667
-7.88392
-7.93757
-7.88392
-7.88392
-7.88392
-8.9586
-7.88392
-8.52783
-7.88392
-7.88392
-7.88392
-7.88392
-7.88392
-7.88392
-7.88392
-7.88392
-8.18802
-7.88392
-7.88392
-9.81043
-8.55678
-8.22372
-8.22372
-8.21667
-8.52074
-8.21667
-7.93757
-8.90382
-8.21667
-8.18802
-9.27918
-8.22372
-8.90382
-7.88392
-8.18802
-7.88392
-7.88392
-7.88392
-7.88392
-7.88392
-7.88392
-7.88392
-7.88392
-8.18802
-7.88392
-7.88392
-7.88392
-8.21667
-7.88392
-7.88392
-7.88392
-7.93757
-8.97507
-8.97789
-7.88392
-7.88392
-7.93757
-8.22372
-7.88392
-8.21667
-7.86509
-7.88392
-7.88392
-7.88392
-7.82467

