-7.88392
-8.21667
-7.88392
-7.88392
-8.52783
-8.21667
-7.88392
-7.88392
-8.22372
-7.88392
-7.88392
-8.97507
-8.21667
-7.88392
-7.88392
-8.21667
-8.18802
-7.88392
-8.22372
-7.88392
-7.88392
-7.93757
-8.52783
-8.21667
-7.88392
-8.21667
-8.22372
-8.18802
-8.22372
-9.20794
-7.88392
-7.88392
-7.86509
-8.97789
-10.0687
-8.22372
-7.88392
-8.21667
-7.88392
-7.88392
-7.88392
-8.22372
-7.88392
-8.22372
-8.22372
-7.88392
-7.88392
-7.93757
-7.88392
-7.88392
-8.86085
-8.52783
-7.88392
-7.88392
-7.88392
-7.88392
-8.18802
-8.19799
-7.82467
-8.15175
-8.21667
-7.88392
-7.88392
-8.52074
-8.21667
-7.88392
-8.18802
-8.22372
-8.22372
-7.88392
-8.18802
-8.21667
-7.88392
-7.88392
-7.88392
-8.90382
-7.88392
-7.88392
-7.88392
-7.88392
-7.88392
-7.88392
-8.9586
-7.88392
-8.21667
-7.88392
-8.97507
-7.88392
-7.88392
-7.88392
-7.88392
-7.88392
-7.93757
-9.61203
-8.97789
-7.88392
-7.88392
-7.88392
-8.21667
-7.82467

