-7.97535
-8.18618
-8.17331
-8.18618
-8.13879
-8.17519
-8.18618
-8.58678
-8.18618
-8.14544
-8.18618
-8.18618
-8.18618
-8.14544
-8.17519
-8.17519
-8.18618
-7.88249
-8.00583
-8.18618
-8.11415
-8.11415
-8.18618
-8.18618
-8.18618
-8.06726
-8.17519
-8.18618
-8.18618
-8.17519
-8.18618
-8.23681
-8.14544
-8.09564
-8.18618
-8.18618
-8.14544
-8.26721
-8.17519
-8.42665
-8.15821
-8.18618
-8.17519
-8.11415
-8.18618
-8.18618
-8.11415
-8.26721
-8.18618
-8.18618
-8.11415
-8.18618
-8.18618
-8.17519
-8.11415
-8.18618
-8.23681
-8.17519
-8.18618
-8.17519
-7.02527
-8.18618
-8.23681
-8.18618
-8.23681
-8.23681
-8.14544
-8.18618
-8.11415
-8.17331
-8.18618
-8.15821
-7.97535
-8.4715
-8.18618
-8.18618
-8.17519
-8.23681
-8.18618
-8.18618
-8.11415
-8.23681
-8.17519
-8.14544
-8.29145
-8.18618
-8.18618
-8.18618
-7.88249
-8.18618
-8.17519
-8.00583
-7.97535
-8.13879
-8.03312
-8.06726
-8.17331
-8.13879
-8.18618
-7.88249

