-8.18618
-8.18618
-8.17519
-8.26721
-8.18618
-8.13388
-8.18618
-8.18618
-8.18618
-8.06726
-8.17519
-8.23681
-8.18618
-8.13879
-8.18618
-8.17519
-8.18618
-3.73835
-7.98868
-8.18618
-8.35069
-7.85665
-8.13388
-8.18618
-8.20209
-8.18618
-8.29145
-8.18618
-8.23681
-8.18618
-8.18618
-8.26721
-8.18618
-8.17519
-8.17331
-10.2517
-8.15821
-8.18618
-8.18618
-8.18618
-8.07613
-8.23681
-8.18618
-8.18618
-8.15821
-8.24646
-8.18618
-8.23681
-8.18618
-8.18618
-7.58523
-8.15831
-8.23681
-8.23681
-8.18618
-8.18618
-8.2552
-8.23681
-8.18618
-8.15821
-7.97535
-8.24646
-8.18618
-8.09564
-8.47166
-8.14544
-8.17519
-8.18618
-8.18618
-8.18618
-8.23681
-8.14544
-8.18618
-8.18618
-8.11415
-8.18618
-8.15831
-8.19007
-8.20209
-8.18618
-8.26721
-8.03312
-8.17331
-8.23681
-8.17519
-8.18618
-8.13388
-8.17519
-8.17519
-8.18618
-8.23681
-7.88249
-8.07321
-8.18618
-8.18618
-8.15821
-8.15296
-8.15821
-2.2784
-1.40686

