-8.21667
-7.88392
-8.90382
-8.21667
-7.88392
-8.22372
-9.20794
-7.88392
-7.82467
-7.88392
-8.18802
-7.88392
-8.18802
-7.88392
-7.88392
-8.52074
-8.22372
-8.19799
-8.18802
-7.80499
-8.27756
-7.88392
-8.22372
-7.88392
-7.88392
-7.88392
-7.88392
-7.88392
-8.21667
-8.55678
-8.21667
-7.93757
-7.88392
-8.97507
-8.18802
-7.88392
-8.18802
-7.88392
-7.88392
-7.88392
-8.97507
-9.81043
-8.18802
-8.21667
-8.21667
-7.88392
-7.88392
-7.88392
-7.88392
-7.88392
-8.21667
-8.21667
-8.21667
-7.88392
-8.90382
-8.21667
-8.21667
-10.0687
-7.88392
-8.97789
-8.15175
-7.88392
-8.21667
-8.90382
-8.21667
-7.88392
-7.88392
-8.22372
-7.88392
-7.86509
-8.22372
-7.88392
-8.22372
-7.88392
-8.18802
-7.88392
-7.88392
-8.22372
-8.22372
-7.88392
-7.88392
-7.88392
-8.18802
-7.88392
-7.88392
-7.88392
-7.88392
-7.88392
-8.97507
-8.52074
-7.88392
-7.88392
-7.88392
-7.88392
-7.88392
-7.88392
-8.22372
-7.88392
-7.88392
-8.22372

