-7.88392
-7.88392
-7.88392
-7.88392
-9.20794
-7.88392
-7.88392
-7.88392
-8.22372
-7.88392
-8.22372
-7.88392
-8.21667
-7.88392
-8.18802
-7.88392
-8.19799
-7.93757
-7.86509
-7.88392
-7.86509
-7.88392
-7.88392
-8.18802
-8.22372
-7.86509
-8.18802
-7.82467
-7.88392
-8.22372
-7.88392
-8.21667
-7.88392
-7.93757
-8.21667
-7.88392
-7.93757
-8.21667
-7.88392
-8.22372
-7.88392
-7.88392
-7.88392
-7.88392
-9.30796
-7.93757
-8.22372
-8.90382
-8.21667
-7.88392
-7.88392
-7.88392
-8.2418
-7.88392
-7.88392
-7.88392
-8.21667
-7.88392
-8.97507
-8.18802
-7.88392
-8.22372
-7.88392
-8.90382
-7.88392
-8.21667
-7.88392
-8.97789
-7.88392
-7.88392
-8.21667
-7.88392
-8.90382
-7.88392
-7.93757
-7.88392
-9.28207
-8.18802
-7.88392
-7.88392
-9.27918
-8.21667
-7.88392
-8.22372
-8.22372
-8.18802
-7.88392
-8.27756
-7.88392
-8.21667
-7.88392
-7.93757
-8.21667
-7.88392
-7.88392
-7.82467
-8.18802
-7.86509
-8.21667
-9.28207

