-7.88392
-7.82467
-8.22372
-9.24333
-7.88392
-7.88392
-7.88392
-7.88392
-8.21667
-9.24333
-8.22372
-8.21667
-7.88392
-7.88392
-7.88392
-7.88392
-7.88392
-8.21667
-7.88392
-8.21667
-8.21667
-7.88392
-7.88392
-9.28207
-7.86509
-7.88392
-9.47084
-7.88392
-7.88392
-9.54745
-7.88392
-7.88392
-7.88392
-8.21667
-7.88392
-7.88392
-8.22372
-8.21667
-7.88392
-7.88392
-8.18802
-8.21667
-7.88392
-9.27918
-7.88392
-7.88392
-8.21667
-8.97789
-9.54745
-7.88392
-7.88392
-7.88392
-8.90382
-8.21667
-8.90382
-8.19799
-8.22372
-9.28207
-8.22372
-7.88392
-7.88392
-8.22372
-7.88392
-7.88392
-8.2418
-7.88392
-8.21667
-8.21667
-7.82467
-8.21667
-8.97507
-7.88392
-8.90382
-7.88392
-9.24333
-7.86509
-7.88392
-7.86509
-8.22372
-7.88392
-8.18802
-8.27756
-7.88392
-8.90382
-7.88392
-8.22372
-7.88392
-7.88392
-7.88392
-7.88392
-7.88392
-7.88392
-8.90382
-8.86085
-7.88392
-7.88392
-9.99502
-7.88392
-8.49108
-7.88392

