-7.86509
-7.88392
-7.88392
-7.88392
-8.21667
-7.93757
-8.15175
-8.22372
-8.22372
-7.88392
-8.16919
-8.52074
-7.88392
-8.21667
-8.21667
-7.93757
-8.22372
-8.18802
-8.97789
-8.18802
-8.97507
-7.93757
-8.97789
-8.18802
-7.88392
-7.88392
-7.88392
-8.16401
-7.88392
-7.88392
-7.93757
-8.15175
-7.88392
-9.47084
-7.88392
-7.88392
-7.88392
-7.88392
-7.88392
-7.88392
-8.21667
-7.88392
-8.18802
-9.24333
-7.88392
-7.88392
-7.88392
-7.88392
-8.90382
-8.21667
-8.21667
-8.18802
-8.97507
-7.88392
-8.22372
-7.88392
-7.88392
-8.22372
-7.88392
-7.88392
-7.88392
-8.18802
-7.88392
-8.22372
-8.22372
-8.52074
-7.88392
-7.88392
-7.88392
-7.93757
-8.19799
-7.88392
-8.97789
-7.88392
-7.88392
-9.81043
-7.88392
-7.88392
-9.31783
-7.88392
-7.88392
-8.21667
-9.62201
-8.18802
-7.88392
-7.82467
-8.21667
-7.88392
-7.93757
-7.88392
-8.16919
-8.18802
-8.97507
-8.19799
-7.88392
-7.88392
-8.52074
-8.16401
-7.88392
-8.21667

