-7.88392
-8.97789
-7.88392
-9.02832
-7.88392
-8.18802
-7.88392
-7.88392
-8.22372
-7.88392
-7.86509
-8.18802
-8.21667
-7.93757
-7.88392
-7.88392
-8.21667
-8.18802
-7.88392
-7.88392
-7.88392
-7.88392
-7.88392
-8.90382
-8.52074
-7.88392
-7.88392
-7.88392
-7.88392
-7.88392
-7.88392
-8.16919
-8.21667
-7.88392
-7.88392
-7.82467
-8.97507
-7.88392
-7.86509
-7.88392
-7.88392
-7.88392
-8.18802
-8.18802
-7.88392
-7.88392
-8.97789
-7.88392
-7.88392
-7.88392
-9.24333
-8.90382
-8.55678
-7.88392
-7.88392
-7.88392
-7.88392
-8.97507
-7.88392
-8.18802
-7.88392
-8.22372
-8.21667
-7.88392
-7.88392
-8.21667
-8.21667
-7.88392
-7.88392
-7.88392
-7.93757
-8.18802
-7.88392
-7.88392
-7.88392
-8.90382
-7.88392
-7.88392
-8.2418
-8.97789
-8.18802
-8.21667
-7.88392
-7.88392
-8.16401
-8.52783
-8.90382
-8.21667
-7.88392
-8.21667
-8.97507
-7.88392
-8.21667
-7.93757
-7.88392
-7.88392
-8.97789
-9.28207
-7.88392
-8.22372

