-8.18802
-9.31783
-8.90382
-8.18802
-8.97789
-7.88392
-9.28207
-7.88392
-7.88392
-7.88392
-8.27756
-7.88392
-7.88392
-7.88392
-8.16919
-7.86509
-7.88392
-7.82467
-8.21667
-8.21667
-7.88392
-7.93757
-7.88392
-8.22372
-8.18802
-8.22372
-7.86509
-7.88392
-7.88392
-7.88392
-7.88392
-8.15175
-7.88392
-8.18802
-7.88392
-8.21667
-9.24333
-8.19799
-7.88392
-8.97507
-8.97789
-8.97507
-7.88392
-7.86509
-7.88392
-8.18802
-8.22372
-7.88392
-8.21667
-8.22372
-7.88392
-8.22372
-7.88392
-7.88392
-7.88392
-8.21667
-7.88392
-7.88392
-7.88392
-8.19799
-7.88392
-7.88392
-7.88392
-7.86509
-8.97789
-8.22372
-8.21667
-7.88392
-7.88392
-8.21667
-7.88392
-7.88392
-8.15175
-7.88392
-8.18802
-8.18802
-7.88392
-8.21667
-7.88392
-8.16919
-8.18802
-8.18802
-9.47084
-8.21667
-7.88392
-8.18802
-7.93757
-7.88392
-7.86509
-8.55678
-7.88392
-7.88392
-7.88392
-8.22372
-8.22372
-8.22372
-7.86509
-7.88392
-8.22372
-8.58178

