-8.18618
-8.18618
-8.18618
-8.13388
-8.18618
-8.17519
-8.03693
-8.11415
-8.11415
-8.18618
-8.18618
-8.18618
-8.82101
-8.18618
-8.14544
-8.29145
-8.15821
-7.99153
-8.18618
-8.17519
-8.44933
-8.18618
-8.11415
-8.03312
-6.99592
-7.42346
-8.14544
-8.06726
-8.17519
-8.23681
-8.17519
-8.18618
-7.88249
-8.2981
-8.17519
-8.23681
-8.10134
-8.10731
-8.18618
-8.18618
-7.91536
-8.23681
-7.88249
-8.06726
-7.97535
-8.18618
-8.14544
-8.26721
-8.15821
-8.23681
-8.14544
-8.18618
-8.11415
-8.2552
-8.17519
-8.17519
-8.18618
-8.23681
-8.23681
-8.06726
-8.18618
-8.11415
-8.18618
-8.15821
-8.23681
-8.07321
-8.18618
-8.18618
-8.41507
-8.18618
-8.18618
-8.11415
-8.18618
-8.17519
-8.18618
-8.18618
-8.17519
-8.18618
-8.03312
-8.18618
-8.44184
-8.18618
-8.17519
-8.13388
-8.18618
-8.17519
-7.61455
-7.61632
-8.18618
-8.09564
-8.18618
-8.23681
-8.06726
-8.06726
-8.18618
-7.91416
-8.23681
-8.00583
-8.03312
-8.06726

