-8.2552
-8.18618
-8.18618
-8.15821
-8.18618
-8.18618
-8.4715
-8.18618
-8.18618
-8.14544
-8.11415
-8.4229
-8.23681
-8.23681
-8.24646
-8.18618
-8.26721
-8.15821
-8.18618
-8.15821
-8.17519
-8.07613
-8.18618
-8.2981
-8.11415
-8.14544
-7.97535
-8.09564
-8.24497
-8.17519
-8.08481
-8.18618
-8.18618
-7.97535
-8.2552
-8.23681
-8.18618
-8.13879
-8.18618
-8.23681
-8.17519
-8.18618
-8.50073
-8.18618
-8.73295
-7.98324
-6.08228
-8.23681
-8.18618
-8.18618
-8.33288
-8.09564
-8.18618
-8.17331
-8.17519
-8.17519
-8.18618
-6.95226
-8.34685
-7.7631
-8.18618
-8.18618
-8.13879
-8.06726
-8.17331
-8.18618
-8.06726
-8.11415
-8.18618
-8.15821
-8.23681
-8.15296
-8.06726
-8.44184
-8.18618
-8.09564
-8.24497
-8.17519
-8.17519
-8.18618
-8.26721
-8.11415
-7.78117
-8.18618
-8.14544
-8.18618
-8.15821
-8.23681
-7.97535
-8.06726
-7.31516
-8.07101
-8.18618
-8.17519
-8.03312
-8.18618
-8.17519
-8.15821
-8.11415
-8.47166

