-7.88392
-7.82467
-7.88392
-8.21667
-7.82467
-7.88392
-7.88392
-7.86509
-7.88392
-7.88392
-7.88392
-7.88392
-8.55678
-8.21667
-7.88392
-7.86509
-9.31783
-7.88392
-9.99502
-8.19799
-7.88392
-8.22372
-7.88392
-7.88392
-7.88392
-7.88392
-7.88392
-7.88392
-8.21667
-7.88392
-7.88392
-8.18802
-7.88392
-7.82467
-7.97038
-7.88392
-8.21667
-7.93757
-8.21667
-8.22372
-7.88392
-8.21667
-7.88392
-8.18802
-7.88392
-7.88392
-7.88392
-7.88392
-7.88392
-8.22372
-7.88392
-8.18802
-8.21667
-8.86085
-7.88392
-7.88392
-7.93757
-9.30796
-8.49108
-7.88392
-7.88392
-8.22372
-8.18802
-8.58178
-8.22372
-7.86509
-7.88392
-8.21667
-8.18802
-7.88392
-8.21667
-7.88392
-7.88392
-8.55678
-7.88392
-8.22372
-8.18802
-7.88392
-8.18802
-8.21667
-7.88392
-7.88392
-7.88392
-9.20794
-9.99502
-7.88392
-7.88392
-7.88392
-9.54745
-8.21667
-7.88392
-8.08329
-8.21667
-7.86509
-8.21667
-7.88392
-8.97507
-8.18802
-8.21667
-8.15175

