-8.21667
-7.88392
-10.0687
-7.88392
-8.21667
-7.88392
-7.88392
-8.22372
-8.22372
-7.88392
-8.22372
-7.88392
-8.22372
-8.55678
-7.88392
-8.55678
-7.88392
-7.88392
-8.18802
-7.88392
-7.86509
-7.88392
-8.18802
-7.88392
-8.22372
-8.19799
-7.88392
-7.88392
-8.21667
-9.77498
-7.93757
-7.86509
-8.18802
-7.88392
-7.88392
-8.19799
-7.88392
-7.88392
-8.18802
-8.22372
-7.88392
-7.88392
-7.93757
-8.22372
-7.88392
-8.18802
-8.22372
-7.88392
-7.88392
-8.97507
-8.97507
-7.88392
-8.21667
-8.97789
-9.24333
-7.86509
-8.22372
-7.88392
-8.90382
-8.21667
-7.88392
-7.90782
-7.88392
-7.88392
-7.88392
-7.88392
-8.21667
-7.86509
-7.88392
-7.88392
-7.88392
-7.88392
-8.55678
-7.88392
-8.18802
-7.88392
-7.88392
-8.22372
-8.52074
-7.88392
-7.88392
-7.88392
-7.88392
-7.88392
-8.21667
-8.22372
-8.21667
-9.45189
-7.82467
-7.86509
-8.55678
-7.88392
-8.21667
-7.88392
-8.21667
-8.21667
-7.88392
-7.88392
-7.88392
-7.88392

