-8.17519
-8.23681
-8.18618
-8.17519
-8.18618
-8.23681
-8.11415
-8.18618
-8.24497
-8.23681
-8.26721
-8.18618
-8.17519
-8.18618
-8.23681
-8.23681
-8.24497
-8.23681
-8.13388
-8.17519
-8.10134
-8.18618
-8.15821
-8.18618
-8.06726
-8.18618
-8.23681
-8.17519
-8.18618
-8.17519
-8.17519
-8.18618
-8.11415
-8.18618
-8.18618
-8.23681
-8.17519
-8.18618
-8.07613
-7.97535
-8.17519
-8.15821
-8.23681
-7.31516
-8.14544
-8.18618
-8.06726
-8.42665
-8.10731
-8.11415
-8.18618
-6.18443
-8.11415
-8.18618
-7.88249
-8.24497
-8.11415
-8.11415
-8.11415
-8.18618
-8.18618
-8.18618
-8.14544
-8.07321
-8.03312
-8.08481
-8.18618
-8.17519
-8.18618
-7.98324
-8.26511
-8.17519
-8.18618
-8.18618
-8.15831
-8.18618
-6.93206
-8.41507
-8.09564
-8.18618
-8.13879
-8.17519
-8.23681
-8.26721
-8.18618
-8.17331
-8.14544
-8.18618
-10.9353
-8.17964
-8.59508
-8.26721
-8.42665
-8.18618
-8.26721
-8.18618
-8.18618
-8.17519
-8.18618
-8.23681

