-8.13388
-8.3317
-7.81159
-8.14544
-8.13879
-8.11415
-8.11415
-8.17519
-8.13879
-8.18618
-8.18618
-8.11415
-8.18618
-8.00583
-8.18618
-8.24646
-8.18618
-8.06726
-8.18618
-8.18618
-8.14544
-7.91536
-8.23681
-8.2552
-8.11415
-8.18618
-8.11415
-8.28592
-8.18618
-8.17331
-8.2981
-8.18618
-8.23681
-8.09564
-8.23681
-8.15831
-8.15831
-8.18618
-8.18618
-8.17519
-8.14544
-12.2687
-8.14544
-8.18618
-8.23681
-7.1839
-8.17519
-7.97535
-8.18618
-8.08481
-8.03312
-8.17519
-8.18618
-8.17519
-8.18618
-8.17519
-8.2981
-8.18618
-8.18618
-8.18618
-8.18618
-8.18618
-8.11415
-8.18618
-8.17519
-8.41507
-8.17519
-8.17519
-8.23681
-8.18618
-8.18618
-8.17519
-8.18618
-8.09564
-8.2552
-8.18618
-8.18618
-8.17519
-8.18618
-8.09564
-8.18618
-8.18618
-8.11415
-8.18618
-8.18618
-8.18618
-8.23681
-8.18618
-8.18618
-8.18618
-7.99153
-8.18618
-8.15821
-8.07321
-8.18618
-8.08481
-8.18618
-8.18618
-8.17519
-8.11415

