-8.17331
-8.18618
-8.03312
-8.18618
-8.18618
-8.15821
-5.08311
-8.14544
-8.18618
-8.18618
-8.18618
-8.18618
-8.13388
-8.17519
-8.18618
-8.23681
-8.23681
-8.23681
-8.06726
-7.78117
-8.18618
-8.07613
-8.13879
-8.18618
-8.15821
-7.88249
-8.20209
-8.18618
-8.14544
-8.13879
-8.23681
-7.88249
-8.15821
-8.18618
-8.18618
-8.18618
-8.18618
-8.37291
-8.18618
-8.15296
-8.17519
-8.37291
-8.11415
-8.06726
-8.07064
-8.18618
-8.2552
-8.23681
-8.37291
-8.18618
-4.91199
-8.15821
-8.17519
-8.23681
-8.18618
-8.18618
-8.18618
-8.09564
-8.13879
-8.11415
-7.97535
-8.06726
-8.17519
-8.18618
-8.23681
-8.23681
-8.11415
-8.18618
-8.18618
-7.88249
-8.18618
-8.48464
-8.23681
-8.18618
-8.23681
-8.18618
-8.17519
-8.14544
-8.15821
-8.15821
-8.18618
-8.48464
-8.18618
-8.18618
-8.18618
-8.18618
-8.18618
-8.15821
-8.18618
-8.23681
-8.23681
-8.18618
-8.00583
-7.97535
-8.17519
-8.13879
-8.18618
-8.11415
-8.03312
-8.3317

