-7.88392
-7.88392
-8.22372
-7.88392
-8.21667
-8.22372
-8.18802
-7.88392
-7.88392
-7.88392
-7.88392
-9.31783
-8.18802
-8.18802
-8.21667
-8.15175
-7.88392
-7.88392
-9.47084
-8.22372
-7.88392
-8.18802
-7.88392
-8.97789
-7.88392
-7.86509
-8.22372
-8.22372
-8.22372
-7.88392
-8.97789
-7.88392
-7.93757
-8.55678
-7.88392
-7.88392
-8.16401
-7.88392
-7.88392
-7.88392
-8.21667
-8.52074
-7.88392
-8.18802
-7.88392
-7.88392
-9.28207
-7.88392
-7.93757
-7.88392
-8.22372
-8.22372
-8.97789
-8.18802
-8.22372
-7.88392
-7.88392
-8.21667
-7.88392
-7.88392
-7.88392
-8.27756
-8.52074
-8.18802
-8.22372
-7.88392
-7.88392
-7.88392
-8.21667
-8.21667
-7.86509
-7.88392
-7.86509
-8.18802
-8.2418
-7.88392
-7.93757
-7.88392
-7.88392
-7.88392
-8.21667
-7.88392
-7.86509
-7.88392
-7.88392
-8.21667
-8.18802
-9.02832
-8.22372
-8.18802
-8.22372
-7.88392
-7.88392
-7.91794
-7.88392
-8.97507
-8.52783
-8.21667
-7.88392
-7.86509

