-7.88392
-7.93757
-8.21667
-7.88392
-7.88392
-7.88392
-7.88392
-8.55678
-8.21667
-8.2418
-7.88392
-8.49108
-7.88392
-7.88392
-7.93757
-8.90382
-7.88392
-7.88392
-8.22372
-7.88392
-7.88392
-8.18802
-7.86509
-9.47084
-8.22372
-7.88392
-8.90382
-8.18802
-8.90382
-8.21667
-7.88392
-8.22372
-7.88392
-9.81043
-8.21667
-7.88392
-8.18802
-8.22372
-7.88392
-8.22372
-7.88392
-7.88392
-8.21667
-7.88392
-7.86509
-8.22372
-7.88392
-7.88392
-8.9586
-7.88392
-7.88392
-8.21667
-7.88392
-7.88392
-7.86509
-7.88392
-8.22372
-7.88392
-7.88392
-8.97507
-8.97789
-7.88392
-7.88392
-8.22372
-7.88392
-7.88392
-7.88392
-8.52074
-7.88392
-7.88392
-7.88392
-8.97789
-7.88392
-7.86509
-7.88392
-8.90382
-8.52074
-7.88392
-8.22372
-8.86085
-8.18802
-8.18802
-8.18802
-8.18802
-7.88392
-9.27918
-8.22372
-8.22372
-7.88392
-8.22372
-7.88392
-8.97789
-8.22372
-7.88392
-8.2418
-7.88392
-8.27756
-8.18802
-7.82467
-7.86509

