-7.88392
-7.88392
-7.88392
-7.86509
-7.88392
-7.88392
-8.27756
-8.22372
-8.97789
-7.88392
-8.21667
-8.21667
-8.22372
-7.88392
-7.88392
-7.88392
-7.88392
-9.30796
-7.88392
-7.88392
-8.21667
-7.88392
-7.88392
-7.93757
-8.21667
-7.88392
-9.02832
-9.24333
-7.88392
-7.82467
-8.18802
-7.88392
-7.88392
-7.88392
-7.88392
-7.88392
-8.22372
-8.22372
-8.18802
-8.2418
-7.88392
-7.88392
-7.88392
-7.88392
-7.88392
-7.88392
-8.22372
-7.88392
-7.88392
-8.52783
-7.88392
-8.18802
-8.18802
-7.88392
-8.2418
-8.97507
-7.88392
-7.88392
-8.22372
-8.12922
-8.19799
-8.22372
-7.88392
-7.86509
-7.82467
-7.86509
-7.88392
-7.88392
-7.82467
-8.52783
-7.88392
-7.88392
-8.16919
-7.88392
-7.88392
-8.18802
-8.55678
-7.88392
-7.88392
-9.27918
-7.88392
-7.88392
-8.27756
-7.88392
-7.88392
-7.86509
-8.22372
-8.21667
-8.22372
-8.55678
-7.88392
-9.30796
-7.86509
-8.97789
-8.97507
-7.82467
-8.18802
-8.18802
-7.88392
-7.88392

