-7.88392
-7.88392
-7.88392
-7.88392
-7.88392
-8.52783
-7.88392
-7.86509
-8.22372
-8.2418
-7.88392
-7.93757
-7.86509
-8.52074
-7.88392
-8.97507
-7.88392
-8.27451
-7.88392
-8.49108
-7.88392
-7.88392
-7.88392
-7.88392
-7.88392
-7.88392
-7.88392
-8.15175
-8.21667
-7.88392
-7.88392
-8.97789
-7.88392
-7.88392
-8.21667
-7.93757
-7.88392
-7.88392
-7.88392
-7.82467
-7.88392
-8.18802
-8.22372
-7.88392
-7.88392
-8.97507
-7.88392
-7.88392
-8.52783
-8.21667
-7.88392
-7.82467
-7.88392
-8.97507
-7.93757
-9.18893
-7.88392
-8.97507
-7.88392
-7.88392
-7.88392
-7.88392
-7.88392
-7.88392
-8.22372
-8.22372
-7.93757
-7.88392
-8.21667
-7.88392
-7.88392
-9.47084
-8.21667
-7.88392
-7.88392
-7.86509
-7.88392
-7.91794
-7.88392
-8.21667
-7.88392
-7.88392
-7.86509
-7.88392
-7.88392
-8.97507
-8.90382
-7.93757
-7.82467
-7.88392
-7.88392
-7.88392
-7.91794
-8.58178
-7.88392
-8.21667
-8.21667
-7.88392
-8.21667
-7.88392

