-10.9639
-8.18618
-8.03312
-8.09564
-8.18618
-8.11415
-8.11415
-8.14544
-8.18618
-4.06349
-8.18618
-8.24646
-8.14544
-8.18618
-8.26721
-8.03312
-8.09564
-8.09564
-8.18618
-7.91536
-8.23681
-3.73835
-7.92999
-8.17519
-8.24646
-8.18618
-8.15831
-8.15821
-8.13879
-7.97535
-8.14544
-8.37521
-8.15821
-0.723971
-7.7414
-8.5235
-8.5235
-8.17519
-7.7414
-8.35069
-8.10134
-8.26721
-8.37291
-8.18618
-8.18618
-8.15821
-8.18618
-8.18618
-8.18618
-8.2981
-8.11415
-8.18618
-8.14544
-8.13388
-8.06726
-8.18618
-8.18618
-8.18618
-8.11415
-8.18618
-8.00583
-8.26721
-8.15296
-8.23681
-8.26721
-8.18618
-8.11415
-8.23681
-8.26721
-8.23681
-8.14544
-8.00583
-8.17519
-8.23681
-8.18618
-7.66772
-7.98324
-8.18618
-8.26721
-8.18618
-8.18618
-8.17519
-8.18618
-8.18618
-8.15821
-8.18618
-8.18618
-8.18618
-8.18618
-8.23681
-8.06726
-8.06726
-8.17331
-8.15821
-8.23681
-8.44933
-8.09564
-8.23681
-8.18618
-8.18618

