-8.23681
-8.06726
-8.18618
-8.11415
-8.03312
-8.09564
-8.17519
-8.23681
-8.18618
-7.98324
-8.20209
-8.15821
-8.2981
-0.723971
-8.18618
-8.18618
-8.18618
-8.17519
-8.14544
-8.18618
-8.18618
-8.18618
-8.18618
-6.49851
-8.23681
-8.23681
-8.09564
-7.61632
-8.23681
-8.09564
-8.13388
-8.18618
-8.23681
-8.14544
-8.18618
-8.18618
-8.23681
-8.26721
-8.18618
-8.18618
-8.13388
-8.18618
-8.00583
-8.07321
-8.18618
-8.13879
-8.11415
-8.18618
-8.15821
-8.23681
-8.48464
-8.15831
-8.06726
-8.18618
-8.18618
-8.18618
-8.06726
-8.18618
-8.07613
-8.18618
-8.03312
-8.09564
-7.97535
-8.03693
-8.09564
-8.18618
-8.18618
-8.17519
-8.24497
-8.17519
-7.99153
-8.18618
-8.18618
-8.18618
-8.18618
-8.03312
-8.35069
-8.15296
-8.11415
-8.18618
-8.18618
-8.17519
-8.18618
-8.18618
-8.14544
-8.18618
-8.15821
-8.23681
-8.23681
-5.53822
-8.06726
-8.2981
-8.17519
-8.17519
-6.55908
-8.17964
-8.17964
-8.17964
-7.42346
-8.17519

