-8.18618
-8.18618
-8.18618
-8.37291
-8.17519
-8.18618
-8.18618
-8.18618
-8.15821
-8.18618
-8.18618
-8.18618
-8.15821
-8.00583
-8.03312
-8.41061
-8.18618
-8.28592
-8.5235
-8.06726
-8.18618
-8.18618
-8.18618
-8.15831
-8.00583
-8.15821
-8.23681
-8.26721
-8.17519
-8.37291
-8.17519
-8.11415
-8.23681
-8.18618
-5.29244
-8.18618
-8.14544
-8.18618
-8.18618
-8.03312
-8.17331
-8.18618
-8.18618
-7.97535
-8.14544
-8.03693
-8.15821
-8.13879
-8.17519
-8.03312
-8.18618
-8.18618
-8.17519
-8.18618
-8.18618
-8.17331
-8.18618
-8.23681
-8.23681
-8.18618
-8.18618
-8.18618
-8.08481
-8.2981
-8.18618
-8.26721
-8.18618
-8.03312
-7.85665
-8.18618
-8.28592
-8.17331
-8.13388
-8.18618
-8.17519
-8.18618
-8.18618
-8.18618
-8.23681
-8.14544
-7.92999
-8.13388
-8.23681
-8.18618
-8.17519
-8.18618
-8.35069
-8.37291
-8.26721
-8.18618
-8.15821
-8.18618
-8.23681
-8.18618
-8.18618
-8.18618
-8.09564
-8.17519
-4.75258
-8.14544

