-8.13879
-8.23681
-8.18618
-8.08481
-8.23681
-8.06726
-8.18618
-8.13879
-8.17519
-8.26721
-8.35069
-8.14544
-8.15821
-8.11415
-8.23681
-8.14544
-8.06726
-8.18618
-7.76997
-8.10134
-8.44933
-8.18618
-8.18618
-8.18618
-8.18618
-8.11451
-8.23681
-7.91536
-8.23681
-8.14544
-8.11415
-8.23681
-8.23681
-8.18618
-8.33288
-8.11415
-8.18618
-8.15821
-8.23681
-8.18618
-8.03231
-7.92999
-8.18618
-8.09564
-8.18618
-8.17519
-8.18618
-8.18618
-8.20209
-8.18618
-8.23681
-8.06726
-8.18618
-8.11415
-8.18618
-8.14544
-8.18618
-8.26721
-8.18618
-8.18618
-8.18618
-8.17519
-8.37291
-8.06726
-8.18618
-6.73776
-8.17519
-8.18618
-8.4715
-8.14544
-8.18618
-8.06726
-8.06726
-8.07613
-8.00583
-8.17519
-8.15821
-7.97535
-8.41507
-8.11415
-5.53822
-8.17519
-7.16734
-7.37395
-8.17964
-8.07613
-8.23681
-8.17331
-8.18618
-8.18618
-8.18618
-8.17519
-8.24646
-8.18618
-8.18618
-8.18618
-8.23681
-8.17331
-8.00583
-8.18618

