-7.88392
-8.22372
-8.21667
-7.88392
-8.21667
-8.18802
-7.88392
-8.22372
-9.31783
-8.18802
-7.88392
-7.88392
-7.88392
-8.18802
-7.88392
-7.88392
-8.52783
-7.88392
-7.88392
-8.52074
-7.93757
-8.97507
-8.55678
-8.52074
-7.88392
-7.88392
-7.88392
-8.97789
-8.22372
-7.88392
-7.88392
-7.88392
-7.88392
-8.27756
-8.27756
-8.97789
-7.88392
-8.18802
-8.18802
-8.18802
-7.88392
-8.52074
-7.88392
-8.18802
-7.93757
-8.12922
-9.47084
-7.88392
-7.88392
-8.55678
-7.88392
-7.88392
-9.20794
-8.21667
-7.88392
-7.88392
-8.22372
-8.18802
-7.88392
-7.88392
-9.99502
-8.18802
-7.88392
-8.55678
-7.93757
-7.86509
-7.88392
-8.21667
-8.21667
-8.21667
-9.31783
-7.88392
-7.88392
-8.97789
-7.88392
-7.88392
-8.90382
-8.52074
-7.88392
-8.97507
-8.97789
-7.88392
-8.22372
-8.18802
-7.88392
-7.88392
-7.88392
-7.88392
-7.88392
-8.97789
-7.88392
-8.52074
-7.88392
-7.88392
-7.88392
-8.97789
-7.88392
-8.22372
-8.21667
-7.88392

