-7.88392
-8.18802
-8.22372
-8.22372
-8.2418
-8.86085
-8.18802
-8.97507
-7.88392
-8.27756
-8.90382
-8.22372
-8.22372
-7.88392
-7.88392
-7.88392
-7.86509
-8.22372
-8.21667
-8.18802
-7.88392
-7.88392
-7.88392
-7.88392
-7.88392
-7.88392
-8.55678
-8.22372
-7.86509
-7.88392
-7.93757
-8.22372
-8.27756
-8.18802
-7.88392
-8.90382
-7.93757
-8.22372
-7.88392
-8.21667
-8.52074
-7.88392
-8.97789
-8.18802
-7.88392
-8.16401
-7.88392
-8.97507
-7.88392
-8.22372
-8.21667
-8.21667
-9.54745
-8.21667
-9.45189
-8.18802
-8.18802
-8.22372
-7.88392
-8.21667
-8.55678
-7.88392
-8.21667
-8.22372
-8.18802
-7.88392
-8.15175
-7.88392
-7.88392
-7.88392
-7.88392
-8.21667
-8.21667
-8.21667
-8.18802
-8.52783
-7.88392
-7.88392
-7.88392
-8.21667
-7.88392
-8.97789
-8.18802
-8.27756
-8.55678
-8.22372
-7.88392
-9.24333
-7.88392
-7.88392
-7.88392
-8.52783
-7.88392
-8.18802
-9.27918
-7.93757
-7.88392
-8.18802
-7.93757
-8.97507

