-4.75258
-7.44217
-8.06726
-8.18618
-8.35069
-8.80293
-8.08481
-7.97535
-8.18618
-8.18618
-8.26721
-8.18618
-8.44933
-8.18618
-8.18618
-8.23681
-8.18618
-8.18618
-8.18618
-8.17519
-8.14544
-8.18618
-8.10134
-8.07219
-8.13879
-8.23681
-8.17519
-8.11415
-8.15831
-8.11415
-8.18618
-8.18618
-8.18618
-8.15821
-8.23681
-8.07613
-8.11415
-8.17519
-8.14544
-8.13388
-8.18618
-8.35069
-8.14544
-8.17519
-8.18618
-8.26721
-8.03312
-8.18618
-8.17519
-5.53822
-8.18618
-8.20867
-8.18618
-8.18618
-8.18618
-8.14544
-8.18618
-8.17519
-8.18618
-8.18618
-8.18618
-8.18618
-8.11415
-8.18618
-8.17519
-8.17331
-8.03312
-8.09564
-7.44217
-7.85665
-8.18618
-8.17519
-8.17519
-8.18618
-8.18618
-8.23681
-8.18618
-8.18618
-8.24497
-8.18618
-8.09564
-8.17519
-8.17519
-8.18618
-7.44217
-8.09564
-5.53822
-8.18618
-8.15831
-8.13879
-8.18618
-8.08481
-8.17519
-8.11415
-8.18618
-8.23681
-8.18618
-8.23681
-8.17519
-8.17519

