-8.18802
-8.2418
-8.52074
-8.55678
-8.27756
-8.18802
-8.90382
-8.21667
-7.88392
-8.55678
-8.21667
-7.88392
-8.21667
-8.22372
-7.88392
-8.21667
-9.24333
-9.77498
-8.21667
-8.52783
-7.88392
-7.80499
-7.88392
-8.18802
-8.9586
-8.97789
-7.88392
-8.18802
-7.88392
-8.15175
-8.21667
-7.88392
-7.88392
-8.22372
-8.55678
-7.88392
-8.21667
-7.88392
-7.86509
-8.21667
-8.21667
-7.86509
-9.28207
-8.90382
-7.88392
-8.22372
-7.88392
-8.52074
-8.21667
-7.88392
-8.22372
-8.27756
-7.88392
-7.88392
-7.86509
-7.93757
-8.22372
-7.88392
-8.22372
-7.93757
-7.88392
-7.88392
-8.18802
-8.52783
-7.86509
-7.93757
-7.88392
-8.22372
-7.88392
-7.88392
-8.21667
-7.88392
-8.22372
-8.21667
-7.88392
-7.82467
-8.55678
-7.88392
-8.22372
-8.21667
-7.88392
-7.88392
-8.22372
-8.90382
-8.97507
-7.88392
-7.88392
-7.88392
-8.18802
-8.21667
-7.80499
-8.21667
-8.27756
-7.93757
-7.88392
-7.88392
-8.52783
-7.88392
-7.88392
-9.02832

