-8.90382
-7.88392
-7.88392
-9.20794
-8.90382
-7.88392
-7.88392
-7.88392
-7.88392
-7.88392
-8.52074
-7.88392
-8.18802
-7.88392
-8.18802
-7.88392
-7.88392
-8.21667
-7.88392
-7.86509
-8.22372
-8.21667
-7.82467
-7.88392
-8.21667
-8.97789
-7.88392
-8.2418
-7.86509
-7.88392
-8.18802
-8.18802
-7.93757
-9.20794
-8.21667
-7.93757
-8.18802
-7.88392
-7.88392
-8.97789
-8.18802
-7.88392
-8.90382
-7.88392
-8.97507
-8.15175
-7.88392
-8.52783
-8.97789
-7.88392
-8.22372
-8.21667
-8.21667
-7.88392
-7.88392
-7.86509
-7.88392
-8.21667
-8.49108
-7.88392
-7.86509
-7.88392
-7.88392
-7.88392
-8.52074
-7.86509
-7.88392
-7.88392
-7.88392
-8.90382
-8.97507
-8.21667
-7.88392
-8.21667
-7.88392
-7.88392
-7.88392
-8.22372
-9.47084
-8.15175
-8.97507
-7.88392
-7.88392
-7.88392
-7.88392
-7.88392
-8.22372
-8.19799
-7.88392
-7.88392
-8.22372
-7.82467
-8.22372
-7.88392
-7.88392
-7.88392
-7.88392
-8.55678
-8.22372
-8.22372

