-7.86509
-7.88392
-7.93757
-8.90382
-7.88392
-7.88392
-8.22372
-8.52783
-7.86509
-9.47084
-7.88392
-7.88392
-7.88392
-7.88392
-7.88392
-7.88392
-8.97789
-8.97507
-8.90382
-8.22372
-7.88392
-7.88392
-7.82467
-7.88392
-7.88392
-8.18802
-7.93757
-7.82467
-7.88392
-7.88392
-7.88392
-7.88392
-9.31783
-7.88392
-8.21667
-7.88392
-8.22372
-7.88392
-7.88392
-8.22372
-8.18802
-8.21667
-7.88392
-7.88392
-7.88392
-7.93757
-7.88392
-8.22372
-8.55678
-7.88392
-7.88392
-7.88392
-8.52074
-8.18802
-8.52074
-8.22372
-7.88392
-7.88392
-7.93757
-7.88392
-7.88392
-8.97507
-7.88392
-7.88392
-8.18802
-7.88392
-8.97789
-7.88392
-8.22372
-8.22372
-8.21667
-7.88392
-7.88392
-7.88392
-7.86509
-9.31783
-7.88392
-7.88392
-8.18802
-8.22372
-7.88392
-8.12922
-7.88392
-7.88392
-7.86509
-7.88392
-7.88392
-7.88392
-7.88392
-7.88392
-7.88392
-8.21667
-7.88392
-7.88392
-7.88392
-8.97507
-7.88392
-8.55678
-7.88392
-7.88392

