-8.22372
-7.88392
-8.21667
-7.93757
-7.88392
-8.21667
-7.88392
-7.88392
-8.52074
-8.22372
-8.22372
-8.18802
-9.24333
-7.88392
-7.88392
-7.88392
-7.88392
-8.21667
-8.18802
-7.88392
-7.88392
-7.93757
-8.22372
-8.21667
-7.88392
-7.88392
-7.88392
-7.88392
-7.88392
-7.86509
-7.88392
-7.88392
-7.88392
-7.88392
-8.52074
-7.88392
-8.27756
-8.21667
-8.21667
-7.88392
-7.88392
-7.88392
-8.97507
-8.21667
-8.21667
-7.88392
-8.18802
-8.97507
-7.88392
-8.21667
-7.88392
-7.86509
-7.88392
-7.93757
-8.18802
-7.88392
-8.18802
-8.18802
-8.55678
-8.22372
-7.88392
-7.93757
-7.88392
-8.21667
-8.18802
-8.90382
-8.52783
-8.21667
-7.88392
-7.86509
-7.88392
-7.88392
-9.30796
-8.18802
-8.97507
-7.88392
-8.97507
-8.22372
-7.88392
-7.86509
-8.2418
-7.88392
-8.90382
-8.97507
-8.18802
-9.47084
-7.88392
-8.21667
-7.88392
-7.86509
-8.97789
-7.88392
-8.18802
-8.18802
-7.88392
-8.22372
-7.88392
-8.21667
-8.21667
-8.52783

