-8.21667
-7.88392
-7.82467
-8.19799
-7.88392
-8.2418
-7.88392
-7.88392
-8.18802
-8.97789
-7.88392
-8.22372
-8.86085
-7.88392
-8.22372
-9.28207
-7.88392
-7.88392
-7.88392
-8.97507
-8.97789
-7.88392
-9.30796
-7.88392
-7.82467
-7.88392
-7.88392
-7.88392
-8.55678
-8.18802
-8.21667
-7.88392
-7.88392
-8.22372
-7.88392
-9.81043
-8.21667
-7.93757
-7.88392
-7.88392
-7.88392
-8.18802
-7.88392
-8.52074
-7.82467
-8.22372
-7.88392
-9.30796
-9.02832
-7.88392
-8.22372
-8.97789
-8.90382
-7.88392
-7.93757
-7.88392
-7.88392
-8.22372
-7.88392
-7.88392
-7.88392
-7.88392
-8.21667
-7.88392
-7.88392
-8.97789
-10.0687
-7.88392
-7.88392
-8.19799
-7.88392
-7.88392
-9.27918
-7.93757
-7.88392
-7.88392
-7.88392
-7.88392
-7.88392
-8.97789
-7.88392
-7.88392
-7.88392
-7.88392
-8.18802
-7.88392
-7.88392
-8.97789
-7.86509
-7.88392
-7.88392
-7.88392
-7.88392
-8.21667
-7.88392
-7.88392
-7.88392
-7.88392
-8.18802
-7.88392

