-8.18618
-8.18618
-8.18618
-8.18618
-8.18618
-8.23681
-8.14544
-8.18618
-8.18618
-8.18618
-8.18618
-8.18618
-8.06726
-8.13879
-8.13879
-8.14544
-8.18618
-8.44933
-7.5736
-8.15821
-8.14544
-5.53822
-8.35069
-8.35069
-7.85665
-8.18618
-7.02527
-8.23681
-8.15821
-8.09564
-8.18618
-8.18618
-8.23681
-8.24497
-7.97535
-8.18618
-8.18618
-8.07613
-8.17519
-7.99153
-8.18618
-8.18618
-8.67193
-7.96183
-8.18618
-8.18618
-8.26721
-8.37291
-8.18618
-8.18618
-8.15821
-8.15831
-8.18618
-8.19007
-8.14544
-8.15831
-8.34009
-8.18618
-8.15821
-8.23681
-8.18618
-8.18618
-8.23681
-8.15821
-8.18618
-8.18618
-8.15821
-8.11415
-8.14544
-8.18618
-8.24497
-8.18618
-8.18618
-8.15821
-8.18618
-8.18618
-8.34009
-8.18618
-8.03312
-8.11415
-8.18618
-8.18618
-8.18618
-8.18618
-8.18618
-8.18618
-8.11415
-8.18618
-8.18618
-8.17519
-8.18618
-7.88249
-8.14544
-8.11415
-8.18618
-8.18618
-8.26721
-8.18618
-8.18618
-8.14544

