-8.22372
-8.21667
-7.93757
-7.80499
-9.47084
-7.88392
-9.31783
-7.88392
-8.22372
-9.81043
-8.21667
-7.93757
-8.90382
-8.18802
-7.88392
-7.86509
-7.88392
-8.18802
-8.18802
-7.88392
-7.93757
-8.22372
-7.82467
-7.88392
-7.88392
-8.18802
-8.52074
-7.88392
-7.86509
-8.21667
-8.21667
-8.22372
-9.31783
-8.97789
-7.88392
-8.90382
-8.52783
-8.18802
-7.88392
-8.12922
-8.21667
-8.22372
-7.88392
-8.18802
-7.88392
-7.86509
-7.88392
-8.21667
-7.88392
-7.88392
-7.88392
-7.88392
-7.88392
-7.88392
-7.88392
-7.88392
-8.19799
-7.88392
-8.22372
-8.18802
-7.88392
-7.88392
-7.88392
-8.15175
-8.18802
-7.88392
-7.88392
-7.86509
-8.16919
-7.93757
-8.52783
-7.88392
-8.90382
-9.47084
-7.88392
-7.88392
-8.22372
-7.88392
-8.21667
-8.52074
-7.88392
-7.86509
-8.22372
-8.22372
-7.86509
-7.88392
-7.88392
-7.88392
-7.88392
-8.2418
-7.88392
-9.30796
-7.88392
-7.82467
-8.18802
-7.88392
-7.88392
-7.88392
-8.18802
-8.18802

