-7.88392
-7.88392
-7.88392
-7.88392
-8.90382
-8.21667
-8.55678
-7.88392
-8.21667
-7.88392
-8.21667
-7.86509
-7.93757
-7.88392
-7.88392
-7.93757
-8.22372
-8.21667
-7.88392
-7.88392
-7.88392
-8.21667
-8.18802
-8.52074
-8.18802
-7.88392
-7.88392
-7.88392
-7.88392
-8.22372
-7.88392
-7.93757
-7.88392
-7.88392
-8.27756
-7.88392
-7.88392
-8.90382
-8.52783
-7.88392
-7.88392
-8.21667
-7.88392
-7.93757
-8.88482
-8.21667
-8.12922
-7.93757
-7.88392
-9.31783
-7.86509
-7.88392
-7.88392
-7.88392
-8.21667
-7.88392
-7.88392
-7.93757
-8.22372
-7.88392
-8.21667
-7.82467
-7.88392
-7.88392
-8.21667
-7.88392
-7.88392
-7.88392
-8.52074
-8.21667
-7.88392
-8.18802
-7.88392
-7.88392
-8.90382
-8.21667
-7.88392
-7.88392
-7.88392
-8.21667
-8.18802
-8.22372
-8.55678
-7.88392
-9.47084
-8.22372
-7.88392
-7.88392
-7.88392
-8.18802
-9.62201
-7.88392
-9.28207
-7.88392
-8.18802
-7.88392
-7.88392
-8.22372
-7.86509
-8.18802

