-8.14544
-8.18618
-8.18618
-8.09564
-7.90536
-8.18618
-8.18618
-8.18618
-8.17519
-8.11415
-8.18618
-8.18618
-8.17331
-8.23681
-8.18618
-8.18618
-8.17519
-8.06726
-8.18618
-8.23681
-8.13879
-8.24646
-8.18618
-8.18618
-8.18618
-8.07613
-8.18618
-8.18618
-8.18618
-8.18618
-8.18618
-8.18618
-8.24646
-8.18618
-8.08481
-8.26721
-7.99153
-8.23681
-8.58678
-8.18618
-8.52421
-8.15821
-8.18618
-8.18618
-8.18618
-8.18618
-8.18618
-8.18618
-8.18618
-8.03312
-8.18618
-8.18618
-8.14544
-8.18618
-8.18618
-8.18618
-8.26721
-8.18618
-8.18618
-8.23681
-5.65949
-8.23681
-8.18618
-8.17519
-8.18618
-8.18618
-8.24646
-8.08481
-8.18618
-8.18618
-8.18618
-8.17519
-8.03312
-8.23681
-8.23681
-8.18618
-8.02494
-8.15831
-8.18618
-8.07321
-8.18618
-8.17519
-8.18618
-8.15831
-7.30724
-8.18618
-8.06726
-8.09545
-8.08481
-8.18618
-8.07064
-8.18618
-8.23681
-8.13388
-8.18618
-7.02527
-8.23681
-8.23681
-8.14544
-8.13388

