-8.18618
-8.18618
-8.18618
-8.23681
-8.17519
-8.23681
-8.23681
-8.48464
-8.18618
-8.18618
-8.18618
-8.18618
-8.14544
-8.14544
-8.28592
-8.13879
-8.00583
-8.36391
-8.13879
-8.11415
-8.73879
-8.17331
-8.18618
-8.23681
-8.18618
-8.15821
-8.13879
-8.17519
-7.88249
-8.11415
-8.11415
-8.18618
-8.17519
-8.18618
-7.97535
-8.28592
-8.18618
-8.14544
-8.22512
-8.07101
-8.0272
-8.17519
-8.03312
-8.08481
-8.18618
-8.09564
-8.23681
-8.18618
-8.18618
-8.18618
-8.18618
-8.23681
-8.17519
-8.23681
-8.18618
-5.99192
-8.34685
-8.18618
-8.24646
-8.18618
-8.44933
-8.17519
-8.12956
-8.35069
-8.09564
-8.18618
-8.68069
-8.06726
-8.26721
-8.11415
-8.09564
-8.18618
-8.18618
-8.03312
-7.98324
-8.35069
-8.07101
-8.06726
-8.28592
-8.18618
-8.23681
-8.06726
-8.18618
-8.09564
-8.18618
-8.06726
-8.17519
-8.18618
-7.88249
-8.28592
-8.13879
-8.26721
-8.17519
-8.18618
-8.37521
-8.11415
-6.95226
-8.13388
-8.14544
-7.97535

