-8.18618
-8.18618
-8.17519
-8.15296
-8.18618
-8.18618
-8.14544
-8.18618
-8.18618
-8.14544
-8.15821
-8.23681
-8.18618
-8.42015
-8.20346
-8.14544
-8.18618
-8.18618
-8.18618
-8.20209
-8.18618
-8.13879
-8.17519
-8.11415
-3.68227
-8.13879
-8.18618
-8.23681
-8.07321
-8.18618
-8.02494
-8.17519
-8.07613
-8.23681
-8.15821
-8.18618
-8.15821
-8.11415
-8.18618
-8.09564
-4.91199
-8.18618
-8.18618
-8.06726
-8.17519
-8.18618
-8.08481
-8.23681
-8.14544
-8.23681
-8.18618
-8.14544
-8.23681
-8.17519
-8.18618
-8.17519
-8.18618
-8.18618
-8.18618
-8.18618
-8.18618
-8.17519
-8.18618
-8.13388
-8.18618
-8.24646
-8.34685
-7.78117
-8.17331
-8.18618
-8.18618
-8.18618
-4.91199
-8.18618
-7.88249
-8.18618
-8.11415
-8.18618
-8.15831
-8.18618
-8.37291
-8.19007
-8.14544
-8.13388
-8.18618
-8.14544
-8.11415
-8.17519
-8.06726
-8.17519
-8.17519
-8.17519
-8.26721
-8.18618
-8.10134
-8.09564
-8.18618
-8.09564
-8.23681
-8.18618

