-4.06075
-8.18618
-8.18618
-8.15821
-8.17519
-8.17519
-8.18618
-8.23681
-8.17519
-8.18618
-8.18618
-8.18618
-8.02494
-8.18618
-8.23681
-8.23681
-8.18618
-8.26721
-8.24646
-8.17519
-8.18618
-8.17519
-8.18618
-8.18618
-8.18618
-8.17519
-8.24646
-8.18618
-8.18618
-8.11415
-8.18618
-8.18618
-8.18618
-8.18618
-8.18618
-8.18618
-8.18618
-8.06726
-8.18618
-8.18618
-8.18618
-8.23681
-8.69174
-7.92999
-8.17519
-8.23681
-8.18618
-8.18618
-8.18618
-8.00583
-8.18618
-8.23681
-8.17519
-8.17519
-8.23681
-8.18618
-8.23681
-8.09564
-8.09564
-8.18618
-8.00583
-8.26721
-8.06726
-8.11415
-8.18618
-8.18618
-8.18618
-8.18618
-8.18618
-8.18618
-8.18618
-8.23681
-8.20867
-8.18618
-8.4715
-8.18618
-8.13879
-8.00583
-8.14544
-8.18618
-8.14544
-8.20209
-8.24497
-8.18618
-8.17519
-8.11415
-8.18618
-8.13388
-7.99153
-8.14544
-8.07613
-8.18618
-8.11415
-8.37291
-8.18618
-8.23681
-8.18618
-8.18618
-8.18618
-8.13879

