-7.93757
-7.88392
-7.88392
-8.97507
-7.88392
-8.27756
-7.88392
-7.88392
-8.90382
-7.88392
-7.93757
-8.2418
-7.88392
-8.90382
-8.21667
-7.88392
-7.88392
-7.88392
-8.21667
-8.21667
-8.21667
-7.88392
-7.93757
-7.88392
-7.88392
-7.88392
-9.33255
-8.22372
-8.21667
-7.88392
-7.88392
-8.97507
-7.88392
-8.22372
-8.22372
-7.82467
-8.19799
-8.22372
-8.97789
-8.97789
-10.0687
-8.97789
-8.52783
-7.88392
-7.88392
-7.88392
-7.88392
-8.55678
-7.82467
-8.18802
-8.15175
-7.88392
-8.21667
-8.90382
-7.88392
-8.22372
-7.93757
-7.88392
-8.52783
-8.21667
-7.88392
-7.88392
-7.88392
-7.88392
-7.88392
-8.22372
-8.52783
-7.88392
-7.88392
-7.88392
-7.88392
-8.19799
-8.18802
-8.97507
-8.97507
-8.21667
-7.82467
-8.18802
-7.88392
-8.90382
-8.21667
-9.20794
-8.97507
-7.88392
-7.88392
-7.88392
-8.97789
-7.88392
-7.86509
-7.88392
-8.97789
-8.22372
-7.93757
-7.88392
-8.90382
-8.22372
-7.88392
-7.88392
-7.88392
-7.88392

