-8.17519
-8.18618
-8.18618
-8.18618
-8.18618
-8.13879
-8.17519
-8.18618
-8.13388
-8.11415
-8.17519
-8.18618
-8.17519
-8.18618
-8.18618
-8.23681
-8.18618
-8.23681
-8.13388
-8.18618
-8.17519
-8.23681
-8.18618
-8.15821
-8.23681
-8.07613
-8.18618
-8.13879
-8.11415
-8.07613
-8.18618
-8.15821
-8.2981
-8.08585
-8.11415
-8.06726
-8.18618
-8.17331
-8.03312
-8.19007
-8.11415
-8.3317
-8.18618
-5.03407
-8.17519
-8.18618
-8.11415
-8.18618
-8.18618
-8.23681
-2.16672
-8.15821
-8.17519
-8.11415
-8.18618
-8.18618
-7.97535
-8.15831
-8.18618
-8.18618
-8.26721
-8.18618
-8.23681
-8.5235
-8.06726
-8.15821
-8.18618
-8.18618
-8.06726
-3.01426
-8.18618
-8.26721
-8.23681
-7.44217
-8.09564
-8.23681
-8.26721
-8.18618
-8.17519
-8.23681
-8.18618
-8.23681
-8.03312
-8.18618
-8.18618
-8.14544
-8.18618
-8.18618
-8.10731
-8.18618
-8.11415
-8.09564
-8.17519
-8.08481
-8.06726
-8.18618
-8.18618
-8.18618
-8.11451
-8.10134

